58--Hockey/58_Hockey_icehockey_puck_58_399.jpg
160
954 3 70 150 1 0 0 0 2 0 
874 58 14 23 2 0 0 0 0 0 
887 10 13 16 2 0 0 0 0 0 
848 17 13 17 2 1 0 0 0 0 
864 50 17 17 2 0 0 0 0 1 
872 124 18 23 2 0 0 0 0 0 
897 108 17 16 2 0 0 0 0 0 
920 138 15 19 2 0 0 0 0 0 
937 115 13 16 2 0 0 0 0 0 
916 86 12 19 2 0 0 0 0 0 
824 152 15 15 2 0 0 0 0 0 
849 167 15 20 2 0 0 0 2 0 
784 138 15 23 2 0 0 0 0 0 
768 70 13 18 2 0 0 0 1 0 
760 30 13 13 2 0 0 0 0 0 
792 48 12 13 2 0 0 0 0 0 
804 37 9 14 2 0 0 0 1 0 
802 5 16 15 2 0 0 0 2 0 
755 134 12 16 2 0 0 0 0 0 
741 109 13 15 2 0 0 0 0 0 
784 76 16 22 2 0 0 0 0 0 
835 40 14 15 2 0 0 0 1 0 
799 104 13 17 2 0 0 0 0 0 
825 100 13 19 2 0 0 0 2 0 
845 104 11 17 2 0 0 0 2 0 
763 164 14 20 2 0 0 0 0 0 
719 138 11 15 2 0 0 0 0 0 
694 176 12 20 2 0 0 0 0 0 
650 163 42 57 1 0 0 0 0 0 
669 117 14 18 2 0 0 0 1 0 
708 95 16 16 2 0 0 0 1 0 
703 59 13 17 2 0 0 0 0 0 
690 32 11 16 2 0 0 0 0 0 
718 37 10 14 2 0 0 0 1 0 
614 88 14 16 2 0 0 0 0 0 
590 97 12 20 2 0 0 0 0 0 
585 77 12 15 2 0 0 0 0 0 
621 68 11 15 2 0 0 0 1 0 
550 110 14 17 2 0 0 0 0 0 
601 184 15 25 2 0 0 0 0 0 
578 170 16 19 2 0 0 0 0 0 
569 127 13 17 2 0 0 0 0 0 
596 124 16 19 2 0 0 0 0 0 
629 113 11 17 2 0 0 0 0 0 
546 169 13 24 2 0 0 0 0 0 
629 145 14 20 2 0 0 0 0 0 
702 203 14 17 2 0 0 0 0 0 
815 195 14 16 2 0 0 0 2 0 
516 120 11 17 2 0 0 0 0 0 
470 172 33 43 1 0 0 0 0 0 
513 203 14 20 2 0 0 0 1 0 
506 51 11 15 2 0 0 0 0 0 
499 71 10 12 2 0 0 0 1 0 
492 59 10 12 2 0 0 0 0 0 
432 159 11 16 2 0 0 0 0 0 
381 168 12 16 2 0 0 0 0 0 
351 189 27 36 2 0 0 0 0 0 
447 182 24 33 2 0 0 0 1 0 
409 70 13 15 2 0 0 0 0 0 
498 16 9 12 2 0 0 0 2 0 
583 56 10 14 2 0 0 0 2 0 
486 112 12 17 2 0 0 0 0 0 
392 136 10 13 2 0 0 0 0 0 
393 106 11 17 2 0 0 0 0 0 
407 91 12 16 2 0 0 0 0 0 
443 48 12 17 2 0 0 0 1 0 
452 26 8 14 2 0 0 0 2 0 
351 81 10 13 2 0 0 0 0 0 
370 69 8 12 2 0 0 0 1 0 
391 52 10 13 2 0 0 0 0 0 
408 44 10 10 2 0 0 0 2 0 
402 18 9 14 2 0 0 0 1 0 
522 33 11 11 2 0 0 0 0 0 
429 133 12 12 2 0 0 0 1 0 
340 135 12 18 2 0 0 0 0 0 
421 183 13 19 2 0 0 0 0 0 
401 182 11 15 2 0 0 0 0 0 
617 210 12 19 2 0 0 0 1 0 
595 14 9 11 2 0 0 0 0 0 
495 34 12 12 2 0 0 0 1 0 
865 15 9 14 2 0 0 0 1 0 
741 167 12 18 2 0 0 0 2 0 
271 220 25 29 1 0 0 0 0 0 
179 221 20 25 1 0 0 0 0 0 
126 218 18 23 1 0 0 0 0 0 
72 205 20 23 1 0 0 0 0 0 
207 208 10 18 2 0 0 0 1 0 
270 186 8 15 2 0 0 0 0 0 
264 207 8 18 2 0 0 0 1 0 
305 184 9 16 2 0 0 0 1 0 
313 202 12 16 2 0 0 0 0 0 
307 131 12 12 2 0 0 0 1 0 
332 105 10 12 2 0 0 0 2 0 
226 161 12 16 2 0 0 0 1 0 
182 146 15 17 2 0 0 0 0 0 
187 132 10 13 2 0 0 0 0 0 
204 106 10 9 2 0 0 0 1 0 
253 144 10 14 2 0 0 0 2 0 
254 134 9 12 2 0 0 0 0 0 
304 168 9 14 2 0 0 0 1 0 
300 103 9 15 2 0 0 0 1 0 
259 169 11 12 2 0 0 0 1 0 
486 128 11 16 2 0 0 0 1 0 
498 133 12 14 2 0 0 0 1 0 
619 169 12 14 2 0 0 0 1 0 
650 62 10 13 2 0 0 0 0 0 
154 172 10 14 2 0 0 0 2 0 
32 177 11 14 2 0 0 0 0 0 
47 164 9 12 2 0 0 0 0 0 
60 145 11 12 2 0 0 0 1 0 
72 146 14 10 2 0 0 0 1 0 
103 141 10 12 2 0 0 0 1 0 
88 131 10 10 2 0 0 0 0 0 
70 118 9 14 2 0 0 0 0 0 
117 111 9 11 2 0 0 0 0 0 
139 116 10 13 2 0 0 0 0 0 
158 116 12 12 2 0 0 0 1 0 
254 90 10 11 2 0 0 0 0 0 
284 133 14 20 2 0 0 0 0 0 
11 111 9 12 2 0 0 0 0 0 
6 100 10 12 2 0 0 0 0 0 
25 101 10 11 2 0 0 0 1 0 
42 105 9 12 2 0 0 0 1 0 
44 146 10 16 2 0 0 0 1 0 
48 128 7 10 2 0 0 0 1 0 
83 118 9 10 2 0 0 0 2 0 
320 93 10 15 2 0 0 0 1 0 
271 84 9 13 2 0 0 0 1 0 
269 35 7 12 2 0 0 0 1 0 
219 80 10 11 2 0 0 0 1 0 
170 85 10 13 2 0 0 0 0 0 
175 40 9 10 2 0 0 0 1 0 
311 43 8 11 2 0 0 0 1 0 
329 31 9 11 2 0 0 0 1 0 
337 54 10 10 2 0 0 0 1 0 
265 8 8 10 2 0 0 0 1 0 
211 48 8 9 2 0 0 0 1 0 
330 11 11 12 2 0 0 0 2 0 
344 21 8 11 2 0 0 0 1 0 
361 41 12 13 2 0 0 0 2 0 
367 21 10 9 2 0 0 0 0 0 
379 11 7 10 2 0 0 0 1 0 
398 7 9 10 2 0 0 0 0 0 
283 48 9 11 2 0 0 0 0 0 
85 83 7 9 2 0 0 0 1 0 
51 88 9 8 2 0 0 0 1 0 
112 20 8 9 2 0 0 0 1 0 
128 65 8 11 2 0 0 0 1 0 
506 1 11 12 2 0 0 0 1 0 
558 45 11 13 2 0 0 0 1 0 
664 3 13 15 2 0 0 0 1 0 
418 6 11 13 2 0 0 0 2 0 
722 48 11 15 2 0 0 0 1 0 
256 16 10 14 2 0 0 0 0 0 
223 132 12 14 2 0 0 0 1 0 
55 217 8 15 2 0 0 0 1 0 
124 188 9 11 2 0 0 0 0 0 
632 126 13 19 2 0 0 0 1 0 
309 66 13 14 2 0 0 0 2 0 
251 64 9 14 2 0 0 0 2 0 
58--Hockey/58_Hockey_icehockey_puck_58_286.jpg
1
554 551 102 99 0 0 0 0 1 0 
58--Hockey/58_Hockey_icehockey_puck_58_924.jpg
47
509 281 20 18 2 0 0 0 0 0 
563 321 25 30 2 0 0 0 0 0 
543 367 22 24 2 0 0 0 1 0 
538 402 27 28 2 0 0 0 2 0 
632 406 18 23 0 0 0 0 0 0 
685 431 23 30 2 0 0 0 0 0 
704 426 19 26 2 0 0 0 0 0 
748 394 22 33 2 0 0 0 0 0 
790 385 19 31 2 0 0 0 0 0 
761 502 22 28 2 0 0 0 0 0 
788 493 18 28 2 0 0 0 0 0 
812 475 22 31 2 0 0 0 0 0 
857 458 23 35 2 0 0 0 2 0 
965 487 22 28 2 0 0 0 0 0 
985 397 18 30 2 0 0 0 0 0 
942 393 20 25 2 0 0 0 1 0 
792 348 24 27 2 0 0 0 0 0 
747 288 17 23 2 0 0 0 0 0 
707 289 20 32 2 0 0 0 0 0 
688 295 15 28 2 0 0 0 0 1 
641 305 22 31 2 0 0 0 2 0 
608 308 20 27 2 0 0 0 1 0 
864 251 19 32 2 0 0 0 2 0 
931 243 18 27 2 0 0 0 1 0 
956 306 22 28 2 0 0 0 1 0 
947 325 16 26 2 0 0 0 2 0 
998 232 18 29 2 0 0 0 2 0 
660 347 14 19 2 0 0 0 2 0 
625 348 20 23 2 0 0 0 0 1 
98 94 304 330 0 0 0 0 0 0 
463 154 20 27 2 0 0 0 1 0 
438 186 19 24 2 0 0 0 0 1 
544 63 19 29 2 0 0 0 2 0 
30 106 17 24 2 0 0 0 2 0 
8 175 26 30 2 0 0 0 2 0 
5 19 18 18 2 0 0 0 2 0 
497 372 20 41 2 0 0 0 0 0 
545 61 19 30 2 0 0 0 2 0 
698 173 14 18 2 0 0 0 2 0 
623 187 17 24 2 0 0 0 1 0 
759 6 15 21 2 0 0 0 1 0 
477 33 16 24 2 0 0 0 0 0 
932 14 13 21 2 0 0 0 0 0 
998 9 16 15 2 0 0 0 0 0 
955 121 19 22 2 0 0 0 1 0 
909 168 21 22 2 0 0 0 2 0 
862 187 21 27 2 0 0 0 2 0 
58--Hockey/58_Hockey_icehockey_puck_58_59.jpg
124
920 108 12 13 2 0 0 0 1 0 
907 84 12 13 2 0 0 0 1 0 
884 88 10 13 2 0 0 0 0 0 
863 109 12 13 2 0 0 0 0 1 
841 116 10 12 2 0 0 0 2 0 
852 89 11 13 2 0 0 0 0 0 
863 127 12 13 2 0 0 0 1 0 
890 152 12 15 2 0 0 0 2 0 
904 135 11 14 2 0 0 0 2 0 
932 136 12 9 2 0 0 0 1 0 
940 152 11 11 2 0 0 0 2 0 
967 130 10 15 2 0 0 0 0 0 
976 131 12 15 2 0 0 0 2 0 
982 105 12 12 2 0 0 0 0 0 
1010 158 9 12 2 0 0 0 1 0 
993 70 12 13 2 0 0 0 0 0 
953 91 11 12 2 0 0 0 0 0 
907 113 10 15 2 0 0 0 0 1 
868 101 10 11 2 0 0 0 1 1 
878 48 10 12 2 0 0 0 1 0 
905 43 12 13 2 0 0 0 1 0 
939 47 10 10 2 0 0 0 1 0 
953 43 10 12 2 0 0 0 0 0 
1000 24 10 12 2 0 0 0 1 0 
1010 27 10 12 2 0 0 0 0 1 
1016 63 8 13 2 0 0 0 0 0 
999 3 12 11 2 0 0 0 0 0 
957 11 10 9 2 0 0 0 1 0 
928 10 11 10 2 0 0 0 1 0 
881 11 10 9 2 0 0 0 0 1 
862 26 9 13 2 0 0 0 1 0 
848 10 10 12 2 0 0 0 0 0 
828 33 11 11 2 0 0 0 1 0 
818 54 10 12 2 0 0 0 0 0 
805 69 10 17 2 0 0 0 0 0 
818 87 12 16 2 0 0 0 0 0 
706 120 8 12 2 0 0 0 0 0 
738 112 11 12 2 0 0 0 0 0 
755 94 10 11 2 0 0 0 0 0 
780 101 10 11 2 0 0 0 1 0 
798 108 10 12 2 0 0 0 1 0 
774 73 11 10 2 0 0 0 0 0 
788 95 10 9 2 0 0 1 2 0 
773 47 11 14 2 0 0 0 0 0 
741 31 10 11 2 0 0 0 0 0 
747 18 10 12 2 0 0 0 1 0 
722 24 10 11 2 0 0 0 1 0 
713 38 9 11 2 0 0 0 1 0 
704 71 11 13 2 0 0 0 0 0 
710 95 10 13 2 0 0 0 0 0 
737 77 9 12 2 0 0 0 0 1 
677 100 10 12 2 0 0 0 1 0 
686 52 10 15 2 0 0 0 2 0 
697 1 11 10 2 0 0 0 0 0 
655 77 10 11 2 0 0 0 0 0 
629 12 8 11 2 0 0 0 0 0 
604 23 9 10 2 0 0 0 0 0 
576 25 9 11 2 0 0 0 1 0 
581 79 11 13 2 0 0 0 2 0 
611 94 12 15 2 0 0 0 0 0 
649 97 10 11 2 0 0 0 0 0 
627 89 10 12 2 0 0 0 2 0 
580 118 9 12 2 0 0 0 1 0 
569 103 11 10 2 0 0 0 1 0 
535 98 10 11 2 0 0 0 0 0 
550 123 9 13 2 0 0 0 0 0 
477 6 9 12 2 0 0 0 0 0 
528 6 10 12 2 0 0 0 0 0 
569 1 10 10 2 0 0 0 0 0 
528 24 10 11 2 0 0 0 0 0 
546 38 10 11 2 0 0 0 0 0 
565 82 9 11 2 0 0 0 1 0 
513 82 10 11 2 0 0 0 0 0 
485 83 10 11 2 0 0 0 0 0 
474 98 10 13 2 0 0 0 2 0 
508 100 10 13 2 0 0 0 1 0 
520 162 10 15 2 0 0 0 0 0 
563 144 9 11 2 0 0 0 0 0 
500 142 9 14 2 0 0 0 2 0 
478 125 8 11 2 0 0 0 1 0 
494 128 7 11 2 0 0 0 2 0 
553 163 9 11 2 0 0 0 0 0 
483 160 10 13 2 0 0 0 0 0 
460 139 9 12 2 0 0 0 1 0 
791 5 7 10 0 0 0 0 0 0 
777 1 8 11 2 0 0 0 1 0 
934 30 8 11 2 0 0 0 0 0 
313 85 68 64 1 0 0 0 0 0 
228 60 9 11 2 0 0 0 0 0 
233 35 9 8 2 0 0 0 1 0 
281 48 9 10 2 0 0 0 1 0 
295 45 10 11 2 0 0 0 2 0 
301 11 7 9 2 0 0 0 2 0 
241 8 9 12 2 0 0 0 2 0 
202 21 8 9 2 0 0 0 2 0 
169 15 10 8 2 0 0 0 1 0 
158 30 10 12 2 0 0 0 1 0 
160 44 12 14 2 0 0 0 1 0 
193 66 10 11 2 0 0 0 1 0 
200 52 9 8 2 0 0 0 2 0 
225 48 8 10 2 0 0 0 0 0 
149 70 11 10 2 0 0 0 1 0 
124 43 10 14 2 0 0 0 0 0 
114 65 11 13 2 0 0 0 1 0 
115 87 10 11 2 0 0 0 0 0 
146 88 8 8 2 0 0 0 2 0 
93 143 20 27 2 0 0 0 2 0 
88 48 9 8 2 0 0 0 0 0 
73 108 11 10 2 0 0 0 0 0 
48 88 11 12 2 0 0 0 0 0 
63 45 11 12 2 0 0 0 0 0 
71 33 8 11 2 0 0 0 2 0 
89 37 9 9 2 0 0 0 2 0 
56 11 10 11 2 0 0 0 0 0 
37 9 11 12 2 0 0 0 0 0 
30 30 9 10 2 0 0 0 2 0 
20 132 12 13 2 0 0 0 0 0 
61 142 11 11 2 0 0 0 1 0 
0 12 8 13 2 0 0 0 2 0 
275 35 9 10 2 0 0 0 2 0 
899 64 8 11 2 0 0 0 2 0 
995 44 10 14 2 0 0 0 1 0 
592 7 9 13 2 0 0 0 2 0 
535 146 8 13 2 0 0 0 0 0 
58--Hockey/58_Hockey_icehockey_puck_58_39.jpg
1
748 166 37 45 1 0 0 0 0 0 
58--Hockey/58_Hockey_icehockey_puck_58_708.jpg
1
382 295 151 217 1 0 0 0 0 0 
58--Hockey/58_Hockey_icehockey_puck_58_224.jpg
1
628 118 60 76 1 0 0 0 2 0 
58--Hockey/58_Hockey_icehockey_puck_58_358.jpg
2
61 181 26 39 2 0 0 0 2 1 
769 191 28 30 2 0 0 0 0 0 
58--Hockey/58_Hockey_icehockey_puck_58_746.jpg
2
681 210 72 58 1 0 0 0 0 1 
195 258 50 65 1 0 0 0 0 0 
58--Hockey/58_Hockey_icehockey_puck_58_818.jpg
7
942 243 26 34 1 0 0 0 0 0 
540 242 27 37 1 0 0 0 0 0 
495 265 27 33 1 0 0 0 0 0 
806 104 24 26 1 0 0 0 1 0 
116 233 24 32 2 0 0 0 0 0 
68 318 22 29 2 0 0 0 0 0 
194 485 14 25 1 0 0 0 2 0 
58--Hockey/58_Hockey_icehockey_puck_58_870.jpg
6
866 367 20 23 1 0 0 0 0 0 
928 321 17 21 1 0 0 0 1 0 
967 295 7 8 0 0 0 1 0 0 
295 352 18 24 1 0 0 0 0 0 
153 396 20 21 2 0 0 0 0 0 
981 268 7 8 2 0 0 0 2 0 
58--Hockey/58_Hockey_icehockey_puck_58_112.jpg
1
420 184 40 49 0 0 0 0 0 0 
58--Hockey/58_Hockey_icehockey_puck_58_523.jpg
12
660 115 38 44 1 0 0 0 0 0 
611 15 21 25 2 0 0 0 0 0 
488 64 23 26 1 0 0 0 1 0 
497 21 20 21 2 0 0 0 0 0 
418 26 19 26 2 0 0 0 0 0 
402 59 25 26 1 0 0 0 0 0 
335 17 21 26 1 0 0 0 0 0 
311 72 42 42 1 0 0 0 1 0 
931 100 25 27 1 0 0 0 0 0 
146 56 22 28 1 0 0 0 0 0 
60 71 24 24 2 0 0 0 1 0 
2 52 22 28 1 0 0 0 0 0 
58--Hockey/58_Hockey_icehockey_puck_58_275.jpg
26
824 336 22 22 1 0 0 0 0 0 
731 335 20 27 0 0 0 0 0 0 
646 338 21 22 1 0 0 0 0 0 
575 329 21 26 0 0 0 0 0 0 
791 250 22 26 1 0 0 0 0 0 
753 216 18 16 1 0 0 0 0 0 
704 257 17 15 1 0 0 0 0 0 
693 205 17 17 1 0 0 0 0 0 
628 198 18 18 1 0 0 0 0 0 
627 244 20 23 1 0 0 0 0 0 
566 229 18 23 1 0 0 0 0 0 
563 195 18 17 1 0 0 0 0 0 
511 190 18 21 1 0 0 0 0 0 
503 238 18 23 0 0 0 0 0 0 
489 313 25 30 0 0 0 0 0 0 
447 199 17 18 1 0 0 0 0 0 
408 324 20 28 0 0 0 0 0 0 
414 236 18 22 1 0 0 0 0 0 
387 201 18 21 1 0 0 0 0 0 
336 249 19 20 1 0 0 0 0 0 
330 204 19 21 1 0 0 0 0 0 
273 211 16 19 1 0 0 0 0 0 
217 231 22 26 1 0 0 0 0 0 
279 326 24 28 0 0 0 0 0 0 
343 317 22 28 0 0 0 0 0 0 
168 329 25 24 0 0 0 0 0 0 
58--Hockey/58_Hockey_icehockey_puck_58_394.jpg
5
550 22 70 86 1 0 0 0 0 0 
686 190 74 92 1 0 0 0 0 0 
674 228 56 74 1 0 0 0 0 0 
414 224 76 90 1 0 0 0 0 0 
230 264 80 88 1 0 0 0 0 0 
58--Hockey/58_Hockey_icehockey_puck_58_519.jpg
20
917 260 25 29 1 0 0 0 0 0 
844 263 23 26 1 0 0 0 0 0 
779 337 24 26 1 0 0 0 0 0 
788 260 23 29 1 0 0 0 0 0 
735 260 22 24 1 0 0 0 0 0 
699 328 21 26 1 0 0 0 0 0 
680 241 22 31 1 0 0 0 0 0 
623 240 24 30 1 0 0 0 0 0 
622 330 26 34 1 0 0 0 0 0 
570 249 22 30 1 0 0 0 0 0 
536 323 21 33 1 0 0 0 0 0 
415 253 23 28 1 0 0 0 0 0 
449 336 25 31 1 0 0 0 0 0 
367 335 25 27 1 0 0 0 0 0 
273 253 23 32 1 0 0 0 0 0 
345 251 21 27 1 0 0 0 0 0 
203 280 26 26 1 0 0 0 0 0 
151 262 24 26 1 0 0 0 0 0 
54 281 27 28 1 0 0 0 0 0 
497 244 20 27 1 0 0 0 0 0 
58--Hockey/58_Hockey_icehockey_puck_58_408.jpg
2
324 177 79 115 0 0 0 0 0 0 
662 182 84 101 0 0 0 0 0 0 
58--Hockey/58_Hockey_icehockey_puck_58_134.jpg
10
79 40 13 16 2 0 0 0 0 0 
135 143 21 21 2 0 0 0 0 0 
155 34 18 17 2 0 0 0 0 0 
196 36 17 17 2 0 0 0 0 0 
552 153 47 54 1 0 0 0 1 0 
437 84 36 44 1 0 0 0 1 0 
784 131 34 41 1 0 0 0 1 0 
870 111 25 30 2 0 0 0 0 0 
913 109 16 20 2 0 0 0 1 0 
132 25 12 18 2 0 0 0 0 0 
58--Hockey/58_Hockey_icehockey_puck_58_222.jpg
2
590 77 36 39 2 0 0 0 2 0 
384 64 39 38 2 0 0 0 2 1 
58--Hockey/58_Hockey_icehockey_puck_58_293.jpg
1
576 114 264 276 0 0 0 0 0 0 
58--Hockey/58_Hockey_icehockey_puck_58_342.jpg
2
391 122 52 53 2 0 0 0 1 0 
622 48 35 39 2 0 0 0 0 0 
58--Hockey/58_Hockey_icehockey_puck_58_145.jpg
5
739 65 42 50 1 0 0 0 0 0 
479 287 21 38 1 0 0 0 0 1 
91 52 41 58 1 0 0 0 0 0 
321 3 43 55 1 0 0 0 0 0 
550 1 32 20 1 0 0 0 2 0 
58--Hockey/58_Hockey_icehockey_puck_58_123.jpg
3
194 220 34 33 2 0 0 0 1 1 
802 168 28 32 2 0 0 0 2 0 
497 226 34 49 2 0 0 0 2 0 
58--Hockey/58_Hockey_icehockey_puck_58_584.jpg
14
932 142 33 40 1 0 0 0 0 0 
822 130 32 36 1 0 0 0 0 0 
665 58 29 51 0 0 0 0 0 1 
634 90 39 44 0 0 0 0 2 0 
538 67 40 58 0 0 0 0 0 0 
780 289 55 71 0 0 0 0 0 0 
491 315 53 75 0 0 0 0 0 0 
366 56 56 68 0 0 0 0 0 0 
405 85 26 40 0 0 0 0 2 0 
132 85 33 47 1 0 0 0 0 0 
98 2 26 23 1 0 0 0 0 0 
36 52 26 27 1 0 0 0 0 0 
53 95 25 40 1 0 0 0 0 1 
61 353 33 72 0 0 0 0 0 1 
58--Hockey/58_Hockey_icehockey_puck_58_370.jpg
1
294 52 128 190 0 0 0 0 0 0 
58--Hockey/58_Hockey_icehockey_puck_58_73.jpg
1
406 36 82 138 1 0 0 0 0 0 
58--Hockey/58_Hockey_icehockey_puck_58_92.jpg
13
932 96 23 30 1 0 0 0 0 0 
901 22 20 25 1 0 0 0 0 0 
965 20 19 19 1 0 0 0 1 0 
960 144 23 30 2 0 0 0 2 0 
836 134 34 37 1 0 0 0 0 0 
796 100 22 32 1 0 0 0 2 0 
414 64 36 44 1 0 0 0 0 0 
548 126 40 45 1 0 0 0 0 1 
162 94 28 30 1 0 0 0 1 0 
152 151 26 31 2 0 0 0 2 0 
566 1 20 16 1 0 0 0 0 0 
445 2 19 12 1 0 0 0 1 0 
628 1 20 11 1 0 0 0 2 0 
58--Hockey/58_Hockey_icehockey_puck_58_62.jpg
2
563 173 30 33 1 0 0 0 2 0 
284 193 38 36 1 0 0 0 0 1 
58--Hockey/58_Hockey_icehockey_puck_58_283.jpg
1
577 147 123 201 0 0 0 0 0 0 
58--Hockey/58_Hockey_icehockey_puck_58_552.jpg
1
451 149 149 204 0 0 0 0 0 0 
58--Hockey/58_Hockey_icehockey_puck_58_619.jpg
27
896 78 39 51 1 0 0 0 0 0 
877 99 28 35 1 0 0 0 0 0 
754 10 38 53 1 0 0 0 0 0 
698 10 33 31 1 0 0 0 0 0 
697 98 34 60 1 0 0 0 0 0 
803 166 52 43 1 0 0 0 0 1 
658 93 39 51 1 0 0 0 0 0 
605 15 31 37 1 0 0 0 0 0 
533 139 40 55 1 0 0 0 2 0 
529 39 40 44 1 0 0 0 0 0 
525 4 33 35 1 0 0 0 0 0 
471 59 37 36 1 0 0 0 0 0 
985 48 28 52 1 0 0 0 0 0 
264 89 31 31 1 0 0 0 0 0 
275 160 31 40 1 0 0 0 1 0 
355 47 38 42 1 0 0 0 0 0 
242 7 34 31 2 0 0 0 0 0 
217 56 35 44 1 0 0 0 0 0 
124 169 32 31 2 0 0 0 2 0 
173 146 30 37 1 0 0 0 2 0 
122 52 28 33 1 0 0 0 0 0 
163 3 33 33 1 0 0 0 0 0 
51 35 33 28 2 0 0 0 0 0 
30 110 40 43 1 0 0 0 0 0 
370 92 39 58 1 0 0 0 0 0 
395 17 36 45 1 0 0 0 0 0 
854 19 31 32 0 0 0 0 2 0 
58--Hockey/58_Hockey_icehockey_puck_58_560.jpg
12
20 54 60 68 1 0 0 0 0 0 
224 80 54 56 1 0 0 0 0 0 
372 32 62 66 1 0 0 0 0 0 
620 74 54 68 1 0 0 0 0 0 
738 28 64 72 1 0 0 0 0 0 
820 106 66 70 1 0 0 0 0 0 
928 242 62 72 1 0 0 0 0 0 
690 244 58 82 1 0 0 0 0 0 
464 160 60 76 1 0 0 0 0 0 
300 176 62 86 1 0 0 0 0 0 
150 202 64 70 1 0 0 0 0 0 
504 4 62 48 1 0 0 0 0 0 
58--Hockey/58_Hockey_icehockey_puck_58_763.jpg
1
461 258 117 179 1 0 0 0 0 0 
58--Hockey/58_Hockey_icehockey_puck_58_747.jpg
1
112 634 108 134 1 0 1 0 0 0 
58--Hockey/58_Hockey_icehockey_puck_58_756.jpg
2
342 234 192 286 0 0 0 0 2 0 
564 224 182 306 0 0 0 0 2 0 
58--Hockey/58_Hockey_icehockey_puck_58_425.jpg
2
346 98 56 92 0 0 0 0 0 0 
440 132 54 66 1 0 0 0 1 0 
58--Hockey/58_Hockey_icehockey_puck_58_738.jpg
1
582 114 70 112 1 0 0 0 1 0 
58--Hockey/58_Hockey_icehockey_puck_58_96.jpg
28
667 169 43 55 1 0 0 0 0 0 
790 64 36 39 1 0 0 0 0 0 
757 29 30 27 2 0 0 0 0 0 
694 33 25 28 2 0 0 0 0 0 
484 139 50 49 1 0 0 0 0 0 
433 53 32 38 2 0 0 0 1 0 
492 9 32 36 2 0 0 0 0 0 
621 13 24 27 2 0 0 0 0 0 
521 29 28 38 2 0 0 0 0 0 
254 70 37 54 1 0 0 0 0 0 
262 9 37 50 1 0 0 0 0 0 
378 1 32 19 2 0 0 0 2 0 
304 130 35 42 1 0 0 0 1 0 
203 105 38 39 1 0 0 0 0 0 
104 121 35 39 1 0 0 0 0 0 
65 72 40 49 1 0 0 0 2 0 
1 82 24 46 1 0 0 0 1 0 
747 98 27 32 1 0 0 0 2 0 
848 30 21 25 2 0 0 0 0 0 
873 65 20 27 2 0 0 0 0 0 
566 109 23 32 2 0 0 0 1 0 
134 8 31 40 2 0 0 0 1 0 
225 16 22 31 2 0 0 0 1 0 
586 124 20 25 2 0 0 0 2 0 
555 8 25 31 2 0 0 0 0 0 
662 4 28 22 2 0 0 0 2 0 
700 63 23 25 2 0 0 0 2 0 
968 138 25 29 2 0 0 0 1 0 
58--Hockey/58_Hockey_icehockey_puck_58_712.jpg
2
434 76 94 122 1 0 0 0 1 0 
582 158 66 124 1 0 0 0 0 0 
58--Hockey/58_Hockey_icehockey_puck_58_536.jpg
3
648 118 76 102 1 0 0 0 0 0 
538 72 74 114 1 0 0 0 0 0 
406 126 86 108 1 0 0 0 0 0 
58--Hockey/58_Hockey_icehockey_puck_58_157.jpg
6
577 324 28 34 1 0 0 0 1 0 
433 258 30 33 2 0 0 0 1 0 
465 470 29 33 2 0 0 0 1 0 
910 213 27 34 1 0 0 0 1 0 
784 96 24 30 1 0 0 0 0 0 
192 101 22 27 2 0 0 0 1 0 
58--Hockey/58_Hockey_icehockey_puck_58_84.jpg
4
884 22 37 33 1 0 0 0 2 0 
736 88 26 19 2 0 0 0 1 0 
159 230 23 20 2 0 0 0 1 0 
97 320 14 23 2 0 0 0 0 0 
58--Hockey/58_Hockey_icehockey_puck_58_516.jpg
23
803 337 27 30 1 0 0 0 0 0 
811 277 22 30 1 0 0 0 0 0 
874 263 31 38 1 0 0 0 0 0 
948 262 33 35 1 0 0 0 0 0 
750 282 24 31 1 0 0 0 0 0 
691 258 28 32 1 0 0 0 0 0 
699 322 28 36 1 0 0 0 0 0 
612 238 27 33 2 0 0 0 0 0 
597 330 30 37 1 0 0 0 0 0 
540 244 27 31 1 0 0 0 0 0 
507 328 27 35 1 0 0 0 0 0 
489 252 24 33 1 0 0 0 0 0 
405 463 28 27 2 0 0 0 0 0 
410 326 26 35 1 0 0 0 0 0 
424 243 22 28 1 0 0 0 0 0 
343 245 24 28 1 0 0 0 0 0 
322 327 24 37 1 0 0 0 0 0 
261 263 27 32 1 0 0 0 0 0 
236 331 27 34 1 0 0 0 0 0 
125 323 29 39 1 0 0 0 0 0 
179 252 27 35 1 0 0 0 0 0 
118 246 25 37 1 0 0 0 0 0 
31 237 27 34 1 0 0 0 0 0 
58--Hockey/58_Hockey_icehockey_puck_58_748.jpg
1
190 225 413 426 0 0 0 0 0 0 
58--Hockey/58_Hockey_icehockey_puck_58_176.jpg
46
597 114 20 26 1 0 0 0 0 0 
458 221 48 48 1 0 0 0 0 0 
527 133 12 12 2 0 0 0 0 0 
484 136 14 12 2 0 0 0 0 0 
448 130 13 14 2 0 1 0 1 0 
290 123 10 14 2 0 1 0 0 0 
194 114 12 16 2 0 1 0 0 0 
227 96 12 16 2 0 1 0 0 0 
138 90 12 16 2 0 1 0 0 0 
102 119 14 12 2 0 0 0 0 0 
251 76 12 14 2 0 0 0 1 0 
259 117 11 13 2 0 0 0 1 0 
276 99 10 14 2 0 0 0 0 0 
212 81 10 11 2 0 0 0 0 0 
170 43 10 13 2 0 0 0 0 0 
211 46 10 10 2 0 0 0 0 0 
57 50 11 16 2 0 0 0 2 0 
70 129 11 12 2 0 0 0 0 0 
343 13 13 14 2 0 0 0 2 0 
189 18 11 16 2 0 0 0 2 0 
154 15 13 16 2 0 0 0 0 0 
443 86 11 15 2 0 0 0 0 0 
516 93 11 15 2 0 0 0 0 0 
484 89 12 13 2 0 0 0 2 0 
497 69 11 12 2 0 0 0 0 0 
562 135 13 14 2 0 0 0 2 0 
443 45 13 14 2 0 0 0 0 0 
454 21 11 13 2 0 0 0 0 0 
421 24 11 11 2 0 0 0 2 0 
556 89 12 14 2 0 0 0 2 0 
641 62 6 10 0 0 0 0 0 0 
819 83 11 13 2 0 0 0 0 0 
901 129 10 14 2 0 0 0 0 0 
888 164 10 10 2 0 0 0 2 0 
909 96 12 15 2 0 0 0 0 0 
686 35 9 13 2 0 0 0 1 0 
742 59 10 12 2 0 0 0 1 0 
959 114 13 17 2 0 0 0 0 0 
1012 154 11 16 2 0 0 0 1 0 
887 63 13 17 2 0 0 0 1 0 
669 138 11 11 2 0 0 0 1 0 
576 108 9 11 2 0 0 0 2 0 
567 65 11 13 2 0 0 0 2 0 
535 61 9 9 2 0 0 0 2 0 
433 137 10 12 2 0 0 0 2 0 
409 89 9 14 2 0 0 0 1 0 
58--Hockey/58_Hockey_icehockey_puck_58_280.jpg
2
267 224 91 127 1 0 0 0 1 0 
627 91 79 108 1 0 0 0 1 0 
58--Hockey/58_Hockey_icehockey_puck_58_905.jpg
13
898 272 46 71 1 0 0 0 0 0 
863 284 36 63 1 0 0 0 0 0 
769 271 49 68 1 0 0 0 0 0 
720 282 38 49 1 0 0 0 1 0 
627 228 60 68 0 0 0 0 1 0 
483 290 55 54 0 0 0 0 0 0 
379 269 54 70 0 0 0 0 0 0 
270 252 51 69 0 0 0 0 0 0 
318 299 42 53 0 0 0 0 2 0 
119 287 45 57 1 0 0 0 0 0 
153 295 36 59 1 0 0 0 0 0 
52 251 45 52 1 0 0 0 0 0 
1 267 31 45 1 0 0 0 2 0 
58--Hockey/58_Hockey_icehockey_puck_58_472.jpg
134
694 158 41 48 1 0 0 0 0 0 
652 137 21 24 2 0 0 0 0 0 
562 98 48 53 1 0 0 0 0 0 
428 166 23 29 2 0 0 0 0 0 
406 169 16 22 2 0 0 0 0 0 
851 172 24 37 2 0 0 0 0 0 
867 112 30 35 2 0 0 0 0 0 
949 88 23 32 2 0 0 0 0 0 
866 95 23 16 2 0 0 0 0 0 
1010 190 14 44 2 0 0 0 1 0 
971 69 19 19 2 0 0 0 0 0 
119 79 9 10 2 0 0 0 1 0 
110 64 9 10 2 0 0 0 0 0 
160 44 9 10 2 0 0 0 1 0 
186 91 8 10 2 0 0 0 1 0 
153 92 9 10 2 0 0 0 1 0 
68 80 8 11 2 0 0 0 0 0 
33 96 10 14 2 0 0 0 1 0 
26 27 10 12 2 0 0 0 0 0 
146 162 12 12 2 0 0 0 1 0 
110 147 10 12 2 0 0 0 0 0 
84 164 10 11 2 0 0 0 1 0 
21 145 11 11 2 0 0 0 1 0 
31 168 10 9 2 0 0 0 0 0 
155 179 12 11 2 0 0 0 1 0 
144 146 11 9 2 0 0 0 0 0 
105 131 9 9 2 0 0 0 1 0 
100 79 9 9 2 0 0 0 2 0 
90 62 9 10 2 0 0 0 2 0 
94 46 7 8 2 0 0 0 2 0 
112 32 8 11 2 0 0 0 1 0 
191 23 10 11 2 0 0 0 0 0 
133 28 9 10 2 0 0 0 0 0 
139 43 9 10 2 0 0 0 0 0 
171 56 9 11 2 0 0 0 1 0 
191 43 10 9 2 0 0 0 1 0 
277 84 10 12 2 0 0 0 1 0 
293 42 7 12 2 0 0 0 1 0 
118 17 9 9 2 0 0 0 0 0 
139 107 12 13 2 0 0 0 0 0 
207 58 11 12 2 0 0 0 1 0 
77 31 9 9 2 0 0 0 1 0 
68 241 11 13 2 0 0 0 0 0 
73 225 12 13 2 0 0 0 0 0 
116 199 11 12 2 0 0 0 0 0 
94 200 10 10 2 0 0 0 0 0 
169 236 16 16 2 0 0 0 0 0 
33 225 10 11 2 0 0 0 0 0 
30 242 10 12 2 0 0 0 1 0 
29 265 12 12 2 0 0 0 1 0 
23 205 10 11 2 0 0 0 0 0 
23 190 8 11 2 0 0 0 2 0 
51 150 11 11 2 0 0 0 1 0 
209 82 14 13 2 0 0 0 1 0 
242 73 10 14 2 0 0 0 0 0 
443 134 10 11 2 0 0 0 2 0 
356 174 11 15 2 0 0 0 0 0 
372 136 9 12 2 0 0 0 0 0 
199 143 10 11 2 0 0 0 0 0 
447 64 9 11 2 0 0 0 1 0 
443 50 9 9 2 0 0 0 1 0 
467 48 7 10 2 0 0 0 0 0 
489 63 9 11 2 0 0 0 0 0 
511 45 10 11 2 0 0 0 0 0 
527 30 9 11 2 0 0 0 2 0 
539 39 8 12 2 0 0 0 0 0 
559 41 9 12 2 0 0 0 1 0 
578 50 8 9 2 0 0 0 0 0 
545 7 9 11 2 0 0 0 0 0 
576 26 7 11 2 0 0 0 0 0 
482 117 12 12 2 0 0 0 0 0 
492 95 8 12 2 0 0 0 0 0 
447 101 10 12 2 0 0 0 0 0 
418 81 11 11 2 0 0 0 0 0 
392 70 8 9 2 0 0 0 0 0 
416 52 8 11 2 0 0 0 0 0 
387 53 9 10 2 0 0 0 0 0 
363 69 8 10 2 0 0 0 1 0 
381 34 8 11 2 0 0 0 1 0 
359 37 8 9 2 0 0 0 1 0 
342 51 11 9 2 0 0 0 0 0 
331 23 10 9 2 0 0 0 0 0 
328 7 9 10 2 0 0 0 0 0 
359 102 10 10 2 0 0 0 0 0 
432 14 10 12 2 0 0 0 0 0 
455 30 10 11 2 0 0 0 1 0 
407 34 10 12 2 0 0 0 1 0 
377 22 10 9 2 0 0 0 0 0 
528 10 10 11 2 0 0 0 0 0 
303 25 8 14 2 0 0 0 1 0 
450 17 9 11 2 0 0 0 0 0 
410 18 9 9 2 0 0 0 1 0 
482 17 9 11 2 0 1 0 0 0 
502 19 9 12 2 0 0 0 1 0 
483 31 10 10 2 0 0 0 1 0 
503 34 9 11 2 0 0 0 0 0 
496 49 8 8 2 0 0 0 1 0 
618 21 11 13 2 0 0 0 1 0 
622 4 10 10 2 0 0 0 0 0 
590 25 8 8 2 0 0 0 1 0 
591 12 9 8 2 0 0 0 0 0 
927 54 9 14 2 0 0 0 1 0 
290 60 10 11 2 0 0 0 0 0 
452 167 10 20 2 0 0 0 1 0 
519 133 11 13 2 0 0 0 1 0 
381 163 9 10 2 0 0 0 0 0 
421 103 8 12 2 0 0 0 1 0 
457 118 9 13 2 0 0 0 0 0 
468 77 8 11 2 0 0 0 0 0 
483 81 9 12 2 0 0 0 0 0 
318 71 9 12 2 0 0 0 1 0 
317 54 8 11 2 0 0 0 1 1 
296 85 11 13 2 0 0 0 1 0 
515 64 9 12 2 0 0 0 1 0 
32 79 8 11 2 0 0 0 0 0 
8 81 9 11 2 0 0 0 1 0 
35 62 9 12 2 0 0 0 0 0 
167 14 8 9 2 0 0 0 0 0 
140 11 7 10 2 0 0 0 2 0 
312 39 8 11 2 0 0 0 2 0 
396 79 9 11 2 0 0 0 2 0 
114 91 8 10 2 0 0 0 1 0 
66 206 9 11 2 0 0 0 0 0 
651 72 7 11 2 0 0 0 1 0 
591 37 7 10 2 0 0 0 2 0 
565 8 7 10 2 0 0 0 2 0 
404 11 5 10 2 0 0 0 1 0 
389 6 6 9 2 0 0 0 1 0 
643 85 8 12 2 0 0 0 1 0 
0 167 7 10 2 0 0 0 1 0 
150 78 9 9 2 0 0 0 1 0 
272 108 7 9 2 0 0 0 1 0 
251 102 8 9 2 0 0 0 1 0 
222 93 11 10 2 0 0 0 1 0 
58--Hockey/58_Hockey_icehockey_puck_58_540.jpg
1
318 258 196 270 0 0 0 0 0 0 
58--Hockey/58_Hockey_icehockey_puck_58_909.jpg
3
19 684 149 208 1 0 1 0 0 0 
489 208 211 265 1 0 0 0 2 0 
370 357 254 322 0 0 0 0 0 0 
58--Hockey/58_Hockey_icehockey_puck_58_333.jpg
9
675 106 50 55 2 0 0 0 1 0 
816 209 27 36 2 0 0 0 1 0 
488 85 33 41 2 0 0 0 0 0 
316 116 48 49 2 0 0 0 1 0 
222 93 52 49 2 0 0 0 1 0 
142 86 30 33 2 0 0 0 0 0 
179 18 11 15 2 0 0 0 1 0 
18 88 17 16 2 0 0 0 0 0 
782 31 12 16 0 0 0 0 0 0 
58--Hockey/58_Hockey_icehockey_puck_58_235.jpg
2
430 53 39 42 1 0 0 0 0 0 
517 184 40 42 1 0 0 0 0 0 
58--Hockey/58_Hockey_icehockey_puck_58_550.jpg
15
901 66 48 56 1 0 0 0 0 0 
804 66 43 55 1 0 0 0 0 0 
702 41 43 54 1 0 0 0 0 0 
682 198 44 63 1 0 0 0 0 0 
593 30 40 58 1 0 0 0 0 0 
573 203 43 53 1 0 0 0 0 0 
449 122 42 54 1 0 0 0 0 0 
469 22 39 54 1 0 0 0 0 0 
402 201 50 65 1 0 0 0 0 0 
292 201 45 63 1 0 0 0 0 0 
266 37 43 61 1 0 0 0 0 0 
356 33 40 54 1 0 0 0 0 0 
194 202 46 68 1 0 0 0 0 0 
144 53 42 52 1 0 0 0 0 0 
90 65 42 52 1 0 0 0 0 0 
58--Hockey/58_Hockey_icehockey_puck_58_726.jpg
2
283 176 42 42 1 0 0 0 0 1 
795 51 34 45 1 0 0 0 0 0 
58--Hockey/58_Hockey_icehockey_puck_58_888.jpg
1
466 74 110 162 0 0 0 0 1 0 
58--Hockey/58_Hockey_icehockey_puck_58_12.jpg
5
503 145 38 43 1 0 0 0 0 0 
435 151 34 49 1 0 0 0 0 0 
172 64 29 34 1 0 0 0 0 0 
21 149 34 44 1 0 0 0 0 0 
931 80 32 36 1 0 0 0 0 0 
58--Hockey/58_Hockey_icehockey_puck_58_122.jpg
2
649 164 24 32 2 0 0 0 0 0 
380 146 26 29 2 0 0 0 0 0 
58--Hockey/58_Hockey_icehockey_puck_58_576.jpg
18
891 199 29 45 0 0 0 0 0 0 
775 193 29 42 0 1 0 0 0 0 
662 196 32 41 0 1 0 0 0 0 
906 63 31 41 0 0 0 0 0 0 
796 92 34 39 0 1 0 0 0 0 
688 78 31 42 0 1 0 0 0 0 
588 71 31 42 0 1 0 0 0 0 
504 56 33 41 0 1 0 0 0 0 
545 193 33 40 0 0 0 0 0 0 
442 191 36 47 0 0 0 0 0 0 
398 66 31 43 0 1 0 0 0 0 
345 183 33 43 0 0 0 0 0 0 
308 74 30 42 0 0 0 0 0 0 
242 199 32 45 0 0 0 0 0 0 
240 52 33 40 0 0 0 0 0 0 
136 180 32 45 0 0 0 0 0 0 
190 69 31 44 0 0 0 0 0 0 
81 51 37 42 0 0 0 0 0 0 
58--Hockey/58_Hockey_icehockey_puck_58_22.jpg
2
520 271 32 52 1 0 0 0 2 0 
102 113 31 47 1 0 0 0 2 0 
58--Hockey/58_Hockey_icehockey_puck_58_844.jpg
17
864 477 31 37 0 0 0 0 0 0 
753 478 28 35 0 0 0 0 0 0 
635 485 30 26 0 0 0 0 0 0 
526 525 36 47 0 0 0 0 0 0 
432 508 31 36 0 0 0 0 0 0 
346 513 32 39 0 0 0 0 0 0 
252 515 32 42 0 0 0 0 0 0 
920 370 28 36 0 0 0 0 0 0 
818 366 28 38 0 0 0 0 0 0 
727 357 28 39 0 0 0 0 0 0 
629 370 27 31 0 0 0 0 0 0 
528 357 27 40 0 0 0 0 0 0 
408 368 28 34 0 0 0 0 0 0 
309 364 28 34 0 0 0 0 0 0 
242 373 28 33 0 0 0 0 0 0 
158 355 29 38 0 0 0 0 0 0 
72 366 32 42 0 0 0 0 0 0 
58--Hockey/58_Hockey_icehockey_puck_58_901.jpg
1
262 98 168 170 0 0 0 0 0 0 
58--Hockey/58_Hockey_icehockey_puck_58_30.jpg
1
463 153 116 116 1 0 0 0 1 0 
58--Hockey/58_Hockey_icehockey_puck_58_590.jpg
1
531 269 259 347 0 0 0 0 0 0 
58--Hockey/58_Hockey_icehockey_puck_58_1031.jpg
19
783 178 26 34 1 0 0 0 0 0 
770 70 25 26 2 0 0 0 0 0 
872 66 26 34 1 0 0 0 0 0 
663 69 25 28 1 0 0 0 0 0 
663 160 26 34 1 0 0 0 0 0 
565 175 26 32 1 0 0 0 0 0 
578 69 24 29 1 0 0 0 0 0 
494 76 25 28 1 0 0 0 0 0 
433 58 24 28 1 0 0 0 0 0 
366 165 24 29 1 0 0 0 0 0 
492 169 25 32 1 0 0 0 0 0 
614 288 28 34 1 0 0 0 0 0 
706 297 28 24 1 0 0 0 0 0 
351 65 22 33 1 0 0 0 0 0 
281 66 22 31 1 0 0 0 0 0 
187 63 28 29 1 0 0 0 0 0 
223 176 31 40 1 0 0 0 0 0 
125 184 27 33 1 0 0 0 0 0 
95 76 28 35 1 0 0 0 0 0 
58--Hockey/58_Hockey_icehockey_puck_58_159.jpg
25
837 250 43 54 0 0 0 0 0 0 
805 187 38 49 0 0 0 0 0 0 
842 90 37 51 0 0 0 0 0 0 
742 230 42 61 0 0 0 0 0 0 
647 189 42 43 0 0 0 0 0 0 
608 249 44 53 0 0 0 0 0 0 
557 152 46 53 0 0 0 0 0 0 
885 82 16 24 1 0 0 0 0 0 
1006 72 18 32 1 0 0 0 1 0 
733 95 37 47 0 0 0 0 0 0 
599 36 39 53 0 0 0 0 0 0 
489 231 40 57 0 0 0 0 0 0 
445 250 43 52 0 0 0 0 0 0 
409 178 41 50 0 0 0 0 0 0 
338 199 46 55 0 0 0 0 0 0 
308 129 40 48 0 0 0 0 0 0 
262 234 44 57 0 0 0 0 0 0 
244 168 42 55 0 0 0 0 1 0 
367 25 46 62 0 0 0 0 0 0 
141 153 36 50 0 0 0 0 0 0 
100 186 43 45 0 0 0 0 0 0 
49 236 54 68 0 0 0 0 0 0 
88 254 38 60 0 0 0 0 0 0 
122 222 45 49 0 0 0 0 0 0 
337 398 44 55 0 0 0 0 0 0 
58--Hockey/58_Hockey_icehockey_puck_58_144.jpg
66
726 172 10 10 2 0 0 0 0 0 
947 178 11 16 2 0 0 0 0 0 
881 185 9 13 2 0 0 0 1 0 
865 195 10 12 2 0 0 0 2 0 
811 105 9 11 2 0 0 0 0 0 
830 97 7 9 2 0 0 1 1 0 
709 86 8 13 2 0 0 0 2 0 
812 119 11 11 2 0 0 0 1 0 
924 109 10 12 2 0 0 0 0 0 
899 146 8 11 2 0 0 0 0 0 
886 159 9 11 2 0 0 0 0 0 
909 177 11 13 2 0 0 0 0 0 
968 178 12 13 2 0 0 0 0 0 
946 168 11 11 2 0 0 0 1 0 
911 165 10 10 2 0 0 0 2 0 
951 138 8 13 2 0 0 0 2 0 
943 99 9 10 2 0 0 0 0 0 
962 92 9 13 2 0 0 0 0 0 
785 114 13 17 2 0 0 0 0 0 
819 78 10 10 2 0 0 0 0 0 
784 68 10 8 2 0 0 0 0 0 
889 64 10 11 2 0 0 0 0 0 
864 67 10 9 2 0 0 0 1 0 
851 34 7 9 2 0 0 0 1 0 
819 38 9 9 2 0 0 0 0 0 
792 16 9 12 2 0 0 0 1 0 
695 171 11 13 2 0 0 0 0 0 
657 144 11 13 2 0 0 0 1 0 
679 137 14 14 2 0 0 0 0 0 
755 62 11 11 2 0 0 0 2 0 
409 86 53 64 1 0 0 0 0 0 
213 111 27 29 2 0 0 0 0 0 
162 170 13 14 2 0 0 0 0 0 
558 189 10 12 2 0 0 0 0 0 
576 181 10 12 2 0 0 0 0 0 
564 165 8 8 2 0 0 0 1 0 
531 184 11 11 2 0 0 0 0 0 
125 189 11 13 2 0 0 0 0 0 
38 198 10 9 2 0 0 1 1 0 
61 187 9 9 2 0 0 0 2 0 
168 138 9 11 2 0 0 0 1 0 
642 79 9 11 2 0 0 0 1 0 
646 107 11 9 2 0 0 0 2 0 
532 118 7 10 2 0 0 0 2 0 
518 87 9 12 2 0 0 0 0 0 
795 168 43 56 1 0 0 0 0 0 
712 192 9 12 2 0 0 0 1 0 
739 180 11 12 2 0 0 0 1 0 
725 144 11 11 2 0 0 0 0 0 
706 139 10 12 2 0 0 0 1 0 
720 163 7 11 2 0 0 0 1 0 
988 188 12 11 2 0 0 0 0 0 
656 174 10 18 2 0 0 0 0 0 
759 145 8 11 2 0 0 0 2 0 
694 144 7 11 2 0 0 0 2 0 
716 108 7 9 2 0 0 0 2 0 
85 185 7 10 2 0 0 0 2 0 
90 174 7 9 2 0 0 0 2 0 
82 159 7 11 2 0 0 0 2 0 
179 148 6 10 2 0 0 0 2 0 
922 189 9 13 2 0 0 0 1 0 
1010 180 11 14 2 0 0 0 1 0 
977 159 11 13 2 0 0 0 1 0 
1008 132 8 11 2 0 0 0 1 0 
903 195 11 12 2 0 0 0 2 0 
535 160 9 12 2 0 0 0 0 0 
58--Hockey/58_Hockey_icehockey_puck_58_87.jpg
70
550 228 43 60 1 1 0 0 0 0 
533 158 27 28 1 0 0 0 0 0 
661 140 24 23 2 0 0 0 0 0 
760 96 32 41 1 0 0 0 0 0 
540 63 15 16 2 0 0 0 0 0 
581 80 21 22 0 0 0 0 1 0 
580 48 17 15 2 0 0 0 0 0 
601 25 16 20 2 0 0 0 0 0 
514 25 18 18 2 0 0 0 2 0 
417 56 17 20 2 0 0 0 0 0 
410 90 16 19 2 0 0 0 0 0 
460 124 18 21 2 0 0 0 0 0 
410 25 14 18 2 0 0 0 0 0 
362 56 18 19 2 0 0 0 1 0 
364 25 15 22 2 0 0 0 1 0 
319 49 17 20 2 0 0 0 0 0 
273 18 18 17 2 0 0 0 0 0 
320 25 16 16 2 0 0 0 0 0 
164 115 18 18 2 0 0 0 0 0 
172 149 17 20 2 0 0 0 0 0 
125 76 19 25 2 0 0 0 2 0 
150 44 16 19 2 0 0 0 0 0 
113 8 17 24 2 0 0 0 0 0 
95 49 14 16 2 0 0 0 2 0 
73 77 18 22 2 0 0 0 0 0 
30 80 16 17 2 0 0 0 0 0 
40 57 14 19 2 0 0 0 0 0 
55 23 14 15 2 0 0 0 1 0 
5 17 17 18 2 0 0 0 0 0 
54 155 17 20 2 0 0 0 0 0 
198 82 15 19 2 0 0 0 2 0 
4 152 8 23 2 0 0 0 2 0 
61 121 13 15 2 0 0 0 1 0 
343 88 17 19 2 0 0 0 0 0 
524 5 12 15 2 0 0 0 0 0 
421 2 16 15 2 0 0 0 0 0 
560 28 16 18 2 0 0 0 2 0 
562 4 18 17 2 0 0 0 0 0 
606 88 15 18 2 0 0 0 1 0 
507 51 20 14 2 0 0 0 2 0 
869 128 17 19 2 0 0 0 2 0 
204 143 46 49 1 0 0 0 0 0 
72 147 26 28 1 0 0 0 0 0 
996 144 15 18 2 0 0 0 0 0 
946 146 16 16 2 0 0 0 0 0 
898 87 16 20 2 0 0 0 0 0 
918 91 17 17 2 0 0 0 1 0 
951 92 17 18 2 0 0 0 0 0 
963 65 12 17 2 0 0 0 1 0 
990 58 10 17 2 0 0 0 1 0 
971 91 16 17 2 0 0 0 0 0 
903 32 12 17 2 0 0 0 0 0 
878 49 15 19 2 0 0 0 2 0 
833 91 18 18 2 0 0 0 1 0 
829 30 16 20 2 0 0 0 0 0 
948 34 12 17 2 0 0 0 0 0 
984 33 14 15 2 0 0 0 1 0 
820 11 13 16 2 0 0 0 0 0 
907 12 12 15 2 0 0 0 1 0 
971 16 15 13 2 0 0 0 0 0 
933 9 16 18 2 0 0 0 0 0 
1011 9 12 15 2 0 0 0 0 0 
671 87 16 23 2 0 0 0 0 0 
691 97 15 18 2 0 0 0 2 0 
715 89 15 20 2 0 0 0 0 0 
734 98 17 23 2 0 0 0 0 0 
637 59 16 19 2 0 0 0 0 0 
646 103 19 16 2 0 0 0 1 0 
517 96 19 21 2 0 0 0 0 0 
508 69 18 17 2 0 0 0 0 0 
58--Hockey/58_Hockey_icehockey_puck_58_1001.jpg
9
893 90 39 48 1 0 0 0 0 0 
783 120 35 51 2 0 0 0 0 1 
791 52 31 48 1 0 0 0 1 0 
636 106 41 57 1 0 0 0 0 0 
607 55 36 47 1 0 0 0 0 0 
468 99 28 46 1 0 0 0 0 0 
398 134 36 46 1 0 0 0 0 0 
187 179 31 46 1 0 0 0 0 1 
161 87 33 52 1 0 0 0 0 0 
58--Hockey/58_Hockey_icehockey_puck_58_25.jpg
6
849 142 50 60 1 0 0 0 1 0 
843 50 38 52 1 0 0 0 1 0 
610 70 35 40 1 0 0 0 1 0 
397 173 46 49 1 0 0 0 1 0 
50 52 30 33 1 0 0 0 1 0 
585 160 16 14 2 0 0 0 1 0 
58--Hockey/58_Hockey_icehockey_puck_58_260.jpg
1
430 80 56 76 1 0 0 0 0 0 
58--Hockey/58_Hockey_icehockey_puck_58_126.jpg
2
511 258 43 45 1 0 0 0 0 0 
452 249 38 42 1 0 0 0 0 0 
58--Hockey/58_Hockey_icehockey_puck_58_264.jpg
40
902 261 28 29 1 0 0 0 0 0 
847 227 24 28 1 0 0 0 0 0 
775 213 25 31 1 0 0 0 0 0 
726 223 26 32 1 0 0 0 0 0 
832 272 27 34 1 0 0 0 0 0 
844 338 29 37 1 0 0 0 0 0 
747 318 24 26 1 0 0 0 0 0 
674 225 24 32 1 0 0 0 0 0 
671 199 24 28 1 0 0 0 1 0 
628 220 22 29 1 0 0 0 0 0 
616 261 26 30 1 0 0 0 0 0 
703 354 29 31 1 0 0 0 0 0 
804 383 25 39 1 0 0 0 0 0 
599 313 26 32 1 0 0 0 0 0 
444 256 24 37 1 0 0 0 0 0 
466 248 21 31 1 0 0 0 0 0 
501 229 21 28 1 0 0 0 0 0 
558 231 22 30 1 0 0 0 0 0 
529 270 26 32 1 0 0 0 0 0 
517 311 27 33 1 0 0 0 0 0 
460 327 28 36 1 0 0 0 0 0 
382 352 29 44 1 0 0 0 0 0 
383 225 25 32 1 0 0 0 0 0 
378 264 25 37 1 0 0 0 2 0 
308 253 31 41 1 0 0 0 0 0 
436 239 7 8 2 0 0 0 1 0 
420 235 7 7 2 0 0 0 2 0 
104 214 35 43 1 0 0 0 0 0 
175 227 34 42 1 0 0 0 0 0 
150 195 31 33 1 0 0 0 1 0 
224 220 29 37 1 0 0 0 0 0 
242 210 24 35 1 0 0 0 0 0 
226 304 31 47 1 1 0 0 0 0 
163 349 35 51 1 0 0 0 0 0 
115 270 34 50 1 0 0 0 0 0 
793 482 32 41 1 0 0 0 0 0 
681 501 31 29 1 0 0 0 0 0 
608 458 31 42 1 0 0 0 0 0 
60 249 7 7 2 0 0 0 0 0 
85 247 7 7 2 0 0 0 0 0 
58--Hockey/58_Hockey_icehockey_puck_58_488.jpg
1
520 190 67 50 1 0 0 0 1 1 
58--Hockey/58_Hockey_icehockey_puck_58_607.jpg
44
964 305 16 21 2 0 0 0 0 0 
960 349 15 19 2 0 0 0 0 0 
884 348 15 21 2 0 0 0 0 0 
907 304 15 21 2 0 0 0 0 0 
857 299 15 18 2 0 0 0 0 0 
827 274 14 16 2 0 0 0 0 0 
799 291 14 18 2 0 0 0 0 0 
759 266 16 20 2 0 0 0 0 0 
734 289 14 18 2 0 0 0 0 0 
765 355 13 18 2 0 0 0 0 0 
822 349 16 20 2 0 0 0 0 0 
708 349 14 22 2 0 0 0 0 0 
695 261 13 19 2 0 0 0 0 0 
671 285 13 20 2 0 0 0 0 0 
630 255 15 18 2 0 0 0 0 0 
653 343 14 19 2 0 0 0 0 0 
605 283 13 19 2 0 0 0 0 0 
603 348 14 18 2 0 0 0 0 0 
569 256 13 17 2 0 0 0 0 0 
506 351 13 19 2 0 0 0 0 0 
556 353 14 19 2 0 0 0 0 0 
542 284 14 18 2 0 0 0 0 0 
511 250 15 18 2 0 0 0 0 0 
449 253 15 17 2 0 0 0 0 0 
475 283 13 19 2 0 0 0 0 0 
410 285 13 15 2 0 0 0 0 0 
452 356 15 20 2 0 0 0 0 0 
399 346 15 20 2 0 0 0 0 0 
343 349 14 17 2 0 0 0 0 0 
355 285 14 19 2 0 0 0 0 0 
338 257 14 18 2 0 0 0 0 0 
383 253 16 18 2 0 0 0 0 0 
283 261 15 19 2 0 0 0 0 0 
299 287 15 18 2 0 0 0 0 0 
287 352 15 19 2 0 0 0 0 0 
244 296 13 16 2 0 0 0 0 0 
237 265 15 17 2 0 0 0 0 0 
234 355 15 18 2 0 0 0 0 0 
181 352 14 17 2 0 0 0 0 0 
194 302 15 20 2 0 0 0 0 0 
200 264 13 18 2 0 0 0 0 0 
145 306 15 18 2 0 0 0 0 0 
122 342 16 20 2 0 0 0 0 0 
54 343 14 19 2 0 0 0 0 0 
58--Hockey/58_Hockey_icehockey_puck_58_351.jpg
2
233 277 16 22 2 0 0 0 0 0 
509 250 19 19 2 0 0 0 2 0 
58--Hockey/58_Hockey_icehockey_puck_58_783.jpg
58
627 480 90 92 1 0 0 0 0 0 
668 353 37 51 2 0 0 0 1 0 
789 519 47 66 2 0 0 0 2 0 
750 460 30 52 2 0 0 0 1 0 
930 357 36 50 1 0 0 0 0 0 
755 318 34 45 1 0 0 0 1 0 
737 308 23 32 2 0 0 0 2 0 
492 388 35 44 1 0 0 0 0 0 
370 356 34 43 1 0 0 0 0 0 
418 350 33 44 2 0 0 0 0 0 
452 350 39 40 2 0 0 0 0 0 
642 272 33 42 2 0 0 0 0 0 
632 304 25 29 2 0 0 0 1 0 
581 419 32 46 2 0 0 0 2 0 
926 260 29 49 2 0 0 0 0 0 
801 242 25 34 2 0 0 0 0 0 
760 250 24 35 2 0 0 0 2 0 
726 152 27 34 2 0 0 0 2 0 
942 214 23 42 2 0 0 0 1 0 
887 219 22 39 2 0 0 0 1 0 
922 233 21 28 2 0 0 0 0 0 
922 203 23 27 2 0 0 0 2 0 
807 280 33 48 2 0 0 0 2 0 
895 396 31 41 2 0 0 0 0 0 
738 347 31 45 2 0 1 0 0 0 
820 102 20 26 2 0 0 0 2 0 
726 120 19 23 2 0 0 0 2 0 
702 110 24 28 2 0 0 0 1 0 
679 153 21 19 2 0 0 0 0 0 
779 165 28 27 2 0 0 0 1 0 
939 116 17 21 0 0 0 0 0 0 
949 394 49 57 2 0 0 0 2 0 
914 357 29 49 2 0 0 0 1 0 
962 194 27 46 2 0 0 0 0 0 
993 250 31 53 2 0 0 0 1 0 
973 233 40 57 2 0 0 0 1 0 
994 162 30 44 2 0 0 0 0 0 
941 457 43 59 2 0 0 0 2 0 
962 496 61 68 2 0 0 0 1 0 
968 153 17 31 2 0 0 0 0 0 
942 65 13 31 2 0 0 0 2 0 
970 99 20 27 0 0 0 0 0 0 
70 685 51 52 2 0 0 0 0 0 
46 687 38 47 2 0 0 0 0 0 
122 490 24 28 2 0 0 0 1 0 
32 460 28 29 2 0 0 0 0 0 
365 315 16 27 2 0 0 0 1 0 
375 270 19 28 2 0 0 0 1 0 
723 267 18 37 2 0 0 0 2 0 
528 264 29 32 2 0 0 0 0 0 
532 197 17 21 2 0 0 0 0 0 
489 231 23 32 2 0 0 0 0 0 
553 131 18 23 2 0 0 0 0 0 
741 223 19 23 2 0 0 0 0 0 
578 186 18 27 2 0 0 0 0 0 
766 106 17 23 2 0 0 0 0 0 
729 95 16 19 2 0 1 0 0 0 
632 378 33 34 2 0 0 0 2 0 
58--Hockey/58_Hockey_icehockey_puck_58_396.jpg
1
372 216 52 54 2 0 0 0 2 0 
58--Hockey/58_Hockey_icehockey_puck_58_303.jpg
5
458 129 32 37 2 0 0 0 0 0 
322 284 19 26 2 0 0 0 0 0 
145 104 30 47 2 0 0 0 0 0 
547 102 40 57 2 0 0 0 2 0 
824 93 18 26 2 0 0 0 2 0 
58--Hockey/58_Hockey_icehockey_puck_58_580.jpg
7
416 194 128 190 0 0 0 0 0 0 
860 256 100 114 1 0 0 0 0 0 
60 406 106 132 1 0 0 0 0 0 
960 96 64 120 2 0 0 0 0 0 
748 388 74 128 2 0 0 0 2 0 
168 418 64 108 2 0 0 0 1 0 
6 88 84 144 1 0 0 0 1 0 
58--Hockey/58_Hockey_icehockey_puck_58_368.jpg
24
845 247 27 32 1 0 0 0 0 0 
871 178 22 26 1 0 0 0 0 0 
942 173 21 29 1 0 0 0 0 0 
809 177 20 29 1 0 0 0 0 0 
750 170 22 28 1 0 0 0 0 0 
758 244 28 32 1 0 0 0 0 0 
687 166 21 28 1 0 0 0 0 0 
674 251 23 30 1 0 0 0 0 0 
628 162 22 26 1 0 0 0 0 0 
591 249 25 30 1 0 0 0 0 0 
562 166 21 26 1 0 0 0 0 0 
498 158 21 26 0 0 0 0 0 0 
500 244 24 33 1 0 0 0 0 0 
410 261 25 29 1 0 0 0 0 0 
418 159 25 29 1 0 0 0 0 0 
356 166 22 28 1 0 0 0 0 0 
299 173 22 23 1 0 0 0 0 0 
330 262 22 30 1 0 0 0 0 0 
236 252 24 36 1 0 0 0 0 0 
246 174 21 26 1 0 0 0 0 0 
146 252 26 31 1 0 0 0 0 0 
175 184 22 27 1 0 0 0 0 0 
126 187 21 26 1 0 0 0 0 0 
56 193 21 26 1 0 0 0 0 0 
58--Hockey/58_Hockey_icehockey_puck_58_40.jpg
1
280 188 60 64 1 0 0 0 0 1 
58--Hockey/58_Hockey_icehockey_puck_58_701.jpg
23
899 294 33 37 1 0 0 0 0 0 
835 307 28 30 1 0 0 0 0 0 
840 387 33 41 1 0 0 0 0 0 
761 288 27 33 1 0 0 0 0 0 
707 302 25 32 1 0 0 0 0 0 
729 385 33 41 1 0 0 0 0 0 
642 398 32 38 1 0 0 0 0 0 
621 291 30 34 1 0 0 0 0 0 
537 284 27 39 1 0 0 0 0 0 
511 288 27 33 1 0 0 0 0 0 
507 404 30 39 1 0 0 0 0 0 
462 281 28 39 1 1 0 0 0 0 
428 278 30 35 1 0 0 0 0 0 
390 299 27 35 1 0 0 0 0 0 
410 401 29 36 1 0 0 0 0 0 
309 393 31 39 1 0 0 0 0 0 
329 290 28 33 1 0 0 0 0 0 
286 286 28 33 1 0 0 0 0 0 
260 307 28 27 1 0 0 0 0 0 
221 318 27 35 1 0 0 0 0 0 
172 289 30 33 1 0 0 0 0 0 
142 294 30 38 1 0 0 0 0 0 
188 383 31 41 1 0 0 0 0 0 
58--Hockey/58_Hockey_icehockey_puck_58_354.jpg
4
766 82 46 57 1 1 0 0 0 0 
593 80 45 48 1 1 0 0 0 0 
353 52 40 65 1 1 0 0 0 0 
192 4 42 56 1 1 0 0 0 0 
58--Hockey/58_Hockey_icehockey_puck_58_620.jpg
3
843 156 35 53 1 0 0 0 1 0 
460 44 51 66 0 0 0 0 0 0 
49 107 38 56 1 0 0 0 0 1 
58--Hockey/58_Hockey_icehockey_puck_58_406.jpg
1
440 168 225 343 0 0 0 0 0 0 
58--Hockey/58_Hockey_icehockey_puck_58_9.jpg
1
650 94 108 134 0 0 0 0 1 0 
58--Hockey/58_Hockey_icehockey_puck_58_314.jpg
4
679 152 38 52 1 0 0 0 0 0 
545 221 39 49 1 0 0 0 0 0 
795 132 36 48 1 0 0 0 1 0 
709 12 38 43 0 0 0 0 0 0 
58--Hockey/58_Hockey_icehockey_puck_58_334.jpg
5
266 40 23 25 2 0 0 0 0 0 
95 265 37 44 1 1 0 0 2 0 
884 238 24 33 1 0 0 0 1 0 
826 195 22 34 1 0 0 0 2 0 
677 296 33 27 2 0 0 0 2 1 
58--Hockey/58_Hockey_icehockey_puck_58_535.jpg
2
516 230 84 122 1 0 0 0 0 0 
126 322 86 178 1 0 0 0 0 0 
58--Hockey/58_Hockey_icehockey_puck_58_199.jpg
55
889 268 38 51 0 0 0 0 0 0 
754 263 37 51 0 0 0 0 0 0 
639 264 37 49 0 0 0 0 0 0 
513 266 36 49 0 0 0 0 0 0 
801 163 36 45 0 0 0 0 0 0 
694 172 35 40 0 0 0 0 0 0 
574 166 38 46 0 0 0 0 0 0 
464 162 38 44 0 0 0 0 0 0 
364 151 33 45 0 0 0 0 0 0 
279 171 32 43 0 0 0 0 0 0 
356 272 39 56 0 0 0 0 0 0 
228 274 35 49 0 0 0 0 0 0 
181 179 36 47 0 0 0 0 0 0 
127 275 40 51 0 0 0 0 0 0 
592 51 17 25 1 0 0 0 0 0 
567 51 13 21 1 0 0 0 0 0 
626 67 11 14 1 0 0 0 0 0 
609 56 10 16 1 0 0 0 2 0 
655 72 15 16 1 0 1 0 0 0 
727 85 14 13 2 0 0 0 2 0 
885 63 14 15 1 0 0 0 1 0 
797 70 8 8 2 0 0 0 0 0 
160 81 12 12 1 0 0 0 0 0 
165 124 9 10 1 0 0 0 0 0 
167 43 9 9 1 0 0 0 0 0 
142 43 8 9 1 0 0 0 0 0 
118 43 7 8 1 0 0 0 0 0 
90 43 8 9 1 0 0 0 0 0 
66 44 8 9 1 0 0 0 1 0 
69 83 11 12 1 0 0 0 0 0 
67 126 6 8 2 0 0 0 1 0 
65 160 7 7 1 0 0 0 1 0 
92 159 7 9 1 0 0 0 1 0 
114 160 10 8 1 0 0 0 0 0 
141 159 8 8 1 0 0 0 1 0 
166 158 8 9 1 0 0 0 0 0 
63 195 9 6 1 0 0 0 1 0 
90 195 7 7 1 0 0 0 1 0 
115 193 8 8 1 0 0 0 1 0 
142 193 7 7 1 0 0 0 2 0 
165 193 8 8 1 0 0 0 1 0 
246 43 9 10 1 0 0 0 0 0 
278 44 9 9 1 0 0 0 0 0 
246 80 8 11 1 0 0 0 1 0 
280 80 8 10 1 0 0 0 0 0 
246 119 8 9 1 0 0 0 1 0 
278 119 8 11 1 0 1 0 0 0 
246 157 9 11 1 0 0 0 0 0 
344 120 8 9 1 0 1 0 0 0 
310 118 8 10 1 0 1 0 0 0 
310 80 9 10 1 0 1 0 0 0 
343 80 8 9 1 0 1 0 0 0 
343 43 9 10 1 0 0 0 0 0 
311 41 9 11 1 0 0 0 0 0 
342 158 10 10 1 0 1 0 0 0 
58--Hockey/58_Hockey_icehockey_puck_58_243.jpg
16
647 191 50 63 0 0 0 0 0 0 
151 141 42 48 1 0 0 0 0 0 
77 116 26 25 1 0 0 0 0 0 
83 52 27 32 1 0 0 0 0 0 
7 59 25 32 1 0 0 0 0 0 
67 4 25 22 1 0 0 0 1 0 
164 6 23 27 1 0 0 0 0 0 
243 9 27 36 1 0 0 0 0 0 
345 51 23 37 1 0 0 0 0 0 
410 55 25 32 1 0 0 0 0 0 
408 5 23 28 1 0 0 0 0 0 
348 4 25 20 2 0 0 0 0 0 
636 21 22 30 2 0 0 0 0 0 
704 8 25 27 2 0 1 0 0 0 
485 61 22 29 1 0 0 0 0 0 
379 136 32 36 2 0 0 0 2 0 
58--Hockey/58_Hockey_icehockey_puck_58_320.jpg
52
646 438 42 45 0 0 0 0 0 0 
690 362 39 41 0 0 0 0 0 0 
638 293 34 41 0 0 0 0 0 0 
593 374 35 35 0 0 0 0 0 0 
514 313 33 44 0 0 0 0 0 0 
507 398 35 46 0 0 0 0 0 0 
454 439 34 42 0 0 0 0 0 0 
403 430 39 46 0 0 0 0 0 0 
430 305 30 32 0 0 0 0 0 0 
289 153 28 32 0 0 0 0 0 0 
303 204 33 40 0 0 0 0 0 0 
345 174 31 36 0 0 0 0 0 0 
410 180 34 38 0 0 0 0 0 0 
481 191 33 36 0 0 0 0 0 0 
578 171 30 40 0 0 0 0 0 0 
564 156 20 23 1 0 0 0 2 0 
539 196 19 22 1 0 0 0 0 0 
533 154 18 27 1 0 0 0 1 0 
384 140 21 26 1 1 0 0 0 0 
679 165 18 23 1 0 0 0 0 0 
705 151 15 21 1 0 0 0 2 0 
731 168 11 25 1 0 0 0 0 0 
237 182 29 40 0 0 0 0 1 0 
166 199 30 36 0 0 0 0 0 0 
140 182 34 42 0 0 0 0 0 0 
765 128 23 22 1 0 0 0 0 0 
814 39 19 19 1 0 0 0 0 0 
877 66 13 20 1 0 0 0 0 0 
947 74 14 14 1 0 0 0 0 0 
992 82 17 18 1 0 0 0 0 0 
996 112 20 22 1 0 0 0 0 0 
952 130 17 15 1 0 0 0 0 0 
950 172 15 23 1 0 0 0 0 0 
881 190 17 20 1 0 0 0 0 0 
992 34 15 16 1 0 0 0 0 0 
679 109 17 25 1 0 0 0 0 0 
624 93 16 20 1 0 0 0 0 0 
568 99 20 22 1 0 0 0 0 0 
564 81 15 16 2 0 0 0 0 0 
453 120 19 22 1 0 0 0 2 0 
446 77 17 20 1 0 0 0 0 0 
363 60 18 21 1 0 0 0 0 0 
289 80 18 22 1 0 0 0 0 0 
247 70 15 20 1 0 0 0 0 0 
236 83 14 18 1 0 0 0 1 0 
198 132 18 23 1 0 0 0 1 0 
251 209 24 34 1 0 0 0 1 0 
500 139 20 22 1 0 0 0 2 0 
169 70 17 23 1 1 0 0 0 0 
22 246 20 25 0 0 0 0 0 0 
33 272 18 24 0 0 0 0 1 0 
24 285 19 27 0 0 0 0 0 0 
58--Hockey/58_Hockey_icehockey_puck_58_916.jpg
2
674 44 130 162 0 0 0 0 0 0 
268 280 146 150 0 0 0 0 0 1 
58--Hockey/58_Hockey_icehockey_puck_58_64.jpg
6
520 189 30 28 1 1 0 0 0 1 
447 171 24 29 1 1 0 0 0 0 
409 180 19 23 2 0 0 0 2 0 
318 236 20 24 2 0 0 0 1 0 
308 207 28 20 2 0 0 0 0 1 
548 422 26 24 2 0 0 0 2 1 
58--Hockey/58_Hockey_icehockey_puck_58_652.jpg
2
300 68 96 150 0 0 0 0 0 0 
608 46 108 144 0 0 0 0 0 0 
58--Hockey/58_Hockey_icehockey_puck_58_508.jpg
19
918 207 59 84 0 1 0 0 0 0 
750 210 58 82 0 0 0 0 0 0 
797 66 59 90 0 1 0 0 0 0 
957 59 56 81 0 1 0 0 0 0 
613 194 64 84 0 1 0 0 0 0 
611 87 65 79 0 1 0 0 0 0 
502 179 56 96 0 1 0 0 0 0 
453 46 58 91 0 1 0 0 0 0 
958 565 63 84 0 0 0 0 0 0 
784 567 63 81 0 0 0 0 0 0 
383 321 56 62 0 0 0 0 0 0 
337 178 58 86 0 1 0 0 0 0 
350 2 59 73 0 0 0 0 0 0 
783 1 64 55 0 0 0 0 0 0 
197 258 55 76 0 0 0 0 0 0 
220 36 61 77 0 0 0 0 0 0 
110 269 58 72 0 0 0 0 0 0 
44 0 58 64 0 0 0 0 0 0 
974 1 48 21 0 0 0 0 2 0 
58--Hockey/58_Hockey_icehockey_puck_58_736.jpg
1
553 186 210 291 0 0 0 0 0 0 
58--Hockey/58_Hockey_icehockey_puck_58_86.jpg
6
57 169 16 24 2 0 0 0 0 0 
262 199 17 21 1 0 0 0 0 0 
800 166 17 21 2 0 0 0 2 0 
866 241 13 14 2 0 0 0 2 0 
510 141 73 76 0 0 0 0 1 0 
495 72 33 31 1 0 0 0 0 0 
58--Hockey/58_Hockey_icehockey_puck_58_74.jpg
2
833 40 45 60 1 0 0 0 0 0 
541 119 74 101 1 0 0 0 1 0 
58--Hockey/58_Hockey_icehockey_puck_58_70.jpg
2
400 100 116 132 1 0 0 0 1 0 
762 354 80 94 1 0 0 0 1 0 
58--Hockey/58_Hockey_icehockey_puck_58_581.jpg
29
867 1187 61 31 1 0 0 0 0 1 
680 824 41 63 1 1 0 0 0 0 
91 61 88 114 1 0 0 0 0 0 
208 269 30 34 1 0 0 0 0 0 
340 265 38 44 1 0 0 0 2 0 
346 62 26 36 2 0 0 0 2 0 
256 331 43 63 1 0 0 0 0 0 
100 350 39 49 1 0 0 0 0 0 
367 379 40 49 1 0 0 0 0 0 
384 532 38 39 1 0 0 0 1 0 
398 587 39 53 1 1 0 0 0 0 
365 605 27 49 1 0 0 0 0 0 
110 443 38 42 1 0 0 0 0 0 
81 684 21 39 1 0 0 0 0 1 
706 278 33 45 1 0 0 0 0 0 
831 259 35 37 1 0 0 0 0 0 
724 349 40 45 1 0 0 0 2 0 
616 416 31 35 1 0 0 0 2 0 
861 350 42 48 2 0 0 0 2 0 
957 259 37 41 1 0 0 0 0 0 
934 484 35 45 1 0 0 0 0 0 
775 499 35 43 1 0 0 0 2 0 
628 493 36 43 2 0 0 0 1 0 
529 497 37 39 2 0 0 0 1 0 
551 364 20 23 2 0 0 0 0 0 
931 459 20 30 2 0 0 0 2 0 
996 467 20 36 2 0 0 0 2 0 
422 255 29 31 2 0 0 0 2 0 
446 55 30 33 2 0 0 0 2 0 
58--Hockey/58_Hockey_icehockey_puck_58_732.jpg
1
717 107 101 139 1 0 0 0 0 0 
58--Hockey/58_Hockey_icehockey_puck_58_609.jpg
16
970 144 27 37 0 0 0 0 0 0 
903 159 28 36 0 0 0 0 0 0 
842 160 27 36 0 0 0 0 0 0 
799 190 25 36 0 0 0 0 0 0 
760 218 27 25 0 0 0 0 0 1 
622 173 33 28 0 0 0 0 0 1 
527 152 33 43 0 1 0 0 0 0 
482 182 30 38 0 1 0 0 0 0 
403 187 27 37 0 0 0 0 0 0 
323 166 31 38 0 0 0 0 0 0 
250 176 28 42 0 0 0 0 0 0 
168 171 28 41 0 0 0 0 0 0 
95 177 29 38 0 0 0 0 0 0 
45 188 22 35 0 0 0 0 0 1 
141 64 15 18 0 0 0 0 0 0 
281 166 21 26 2 0 0 0 2 0 
58--Hockey/58_Hockey_icehockey_puck_58_890.jpg
1
566 106 192 250 0 0 0 0 0 0 
58--Hockey/58_Hockey_icehockey_puck_58_252.jpg
13
870 254 34 40 2 0 0 0 0 0 
470 231 42 35 2 0 0 0 0 0 
243 230 34 41 2 0 0 0 0 0 
729 32 23 22 2 0 0 0 0 0 
646 40 25 21 2 0 0 0 0 0 
905 2 22 10 2 0 0 0 2 0 
361 54 23 23 2 0 0 0 0 0 
316 63 21 21 2 0 1 0 0 0 
235 60 21 21 2 0 1 0 1 0 
141 69 22 20 2 0 1 0 0 0 
56 63 24 20 2 0 1 0 0 0 
421 71 23 21 2 0 1 0 0 0 
521 78 21 23 2 0 1 0 2 0 
58--Hockey/58_Hockey_icehockey_puck_58_28.jpg
43
725 173 22 25 1 0 0 0 0 0 
617 193 21 21 2 0 0 0 0 0 
508 242 26 33 1 0 0 0 1 0 
521 188 17 21 2 0 0 0 1 0 
548 200 14 17 0 0 0 0 0 0 
566 197 15 17 2 0 0 0 0 0 
661 197 19 22 2 0 0 0 0 0 
764 108 26 27 1 0 0 0 0 0 
728 108 27 22 1 0 0 0 0 0 
674 92 19 28 2 0 0 0 1 0 
519 120 17 18 2 0 0 0 0 0 
478 127 14 17 2 0 0 0 0 0 
541 84 12 20 2 0 0 0 0 0 
611 82 16 18 2 0 0 0 0 0 
628 82 14 20 2 0 0 0 0 0 
644 79 16 19 2 0 0 0 0 0 
666 72 18 18 2 0 0 0 1 0 
21 159 21 23 2 0 0 0 0 0 
93 32 12 16 2 0 0 0 0 0 
21 51 10 11 2 0 0 0 1 0 
637 122 16 18 2 0 0 0 1 0 
500 91 15 15 2 0 0 0 0 0 
467 85 16 18 2 0 0 0 1 0 
551 17 14 16 2 0 0 0 0 0 
755 20 16 20 2 0 0 0 0 0 
705 25 18 20 2 0 0 0 0 0 
946 119 19 21 2 0 0 0 2 0 
921 10 15 18 2 0 0 0 0 0 
383 29 12 13 2 0 0 0 0 0 
341 33 15 16 2 0 0 0 2 0 
813 172 20 27 2 0 0 0 1 0 
563 80 14 18 2 0 0 0 2 0 
576 78 17 18 2 0 0 0 2 0 
470 158 14 16 2 0 0 0 2 0 
532 49 13 13 2 0 0 0 2 0 
411 26 11 15 2 0 0 0 1 0 
327 23 12 12 2 0 0 0 2 0 
358 163 13 15 2 0 0 0 0 0 
353 128 11 17 2 0 0 0 1 0 
417 169 14 18 2 0 0 0 2 0 
543 124 20 23 2 0 0 0 2 0 
65 2 11 12 2 0 0 0 2 0 
73 39 12 16 2 0 0 0 2 0 
58--Hockey/58_Hockey_icehockey_puck_58_577.jpg
3
232 274 80 108 0 0 0 0 0 0 
454 262 84 110 0 0 0 0 0 0 
742 314 78 104 0 0 0 0 0 0 
58--Hockey/58_Hockey_icehockey_puck_58_907.jpg
2
635 342 93 96 2 0 0 0 1 0 
461 324 84 106 2 0 0 0 1 0 
58--Hockey/58_Hockey_icehockey_puck_58_420.jpg
1
475 130 101 135 1 0 0 0 0 0 
58--Hockey/58_Hockey_icehockey_puck_58_93.jpg
2
446 210 82 104 1 0 0 0 0 0 
542 126 64 74 1 0 0 0 0 0 
58--Hockey/58_Hockey_icehockey_puck_58_960.jpg
129
923 537 23 24 2 0 0 0 0 0 
936 456 25 35 2 0 0 0 0 0 
993 435 30 40 2 0 0 0 0 0 
1000 401 24 32 2 0 0 0 0 0 
974 370 25 30 2 0 0 0 0 0 
1002 297 22 34 2 0 0 0 0 0 
983 265 22 28 2 0 0 0 0 0 
935 280 22 24 2 0 0 0 0 0 
926 233 22 30 2 0 0 0 0 0 
999 182 23 23 2 0 0 0 1 0 
860 189 22 28 2 0 0 0 0 0 
845 286 25 23 2 0 0 0 0 0 
854 345 23 24 2 0 0 0 0 0 
924 362 24 32 2 0 0 0 0 0 
935 321 23 26 2 0 0 0 2 0 
793 315 23 22 2 0 0 0 0 0 
776 273 26 26 2 0 0 0 0 0 
725 247 23 24 2 0 0 0 0 0 
706 270 23 29 2 0 0 0 0 0 
744 338 21 27 2 0 0 0 0 0 
691 363 26 30 2 0 0 0 0 0 
758 460 26 34 2 0 0 0 0 0 
835 461 30 34 2 0 0 0 0 0 
846 528 30 30 2 0 0 0 0 0 
841 560 30 37 2 0 0 0 0 0 
687 461 24 30 2 0 0 0 0 0 
799 151 23 24 2 0 0 0 0 0 
550 252 54 62 1 0 0 0 2 0 
601 161 21 26 2 0 0 0 0 0 
542 168 24 23 2 0 0 0 0 0 
843 221 20 20 2 0 0 0 2 0 
444 421 28 30 2 0 0 0 0 0 
363 451 23 29 2 0 0 0 0 0 
110 417 28 35 2 0 0 0 0 0 
79 318 26 30 2 0 0 0 0 0 
106 269 25 35 2 0 0 0 1 0 
55 374 26 27 2 0 0 0 0 0 
8 276 25 35 2 0 0 0 0 0 
55 217 28 31 2 0 0 0 0 0 
78 198 23 28 2 0 0 0 2 0 
118 235 25 30 2 0 0 0 0 0 
201 241 23 23 2 0 0 0 1 0 
213 209 21 26 2 0 0 0 0 0 
152 190 25 26 2 0 0 0 0 0 
174 151 25 29 2 0 0 0 0 0 
197 126 20 25 2 0 0 0 0 0 
142 116 18 20 2 0 0 0 0 0 
160 105 23 27 2 0 0 0 0 0 
105 101 26 28 2 0 0 0 0 0 
111 144 27 32 2 0 0 0 0 0 
26 162 19 27 2 0 0 0 0 0 
39 132 20 25 2 0 0 0 0 0 
70 79 24 25 2 0 0 0 0 0 
89 51 21 25 2 0 0 0 0 0 
58 38 20 20 2 0 0 0 2 0 
21 47 23 25 2 0 0 0 0 0 
30 89 19 25 2 0 0 0 0 0 
265 177 20 24 2 0 0 0 1 0 
253 122 21 28 2 0 0 0 0 0 
231 45 19 27 2 0 0 0 0 0 
152 50 22 25 2 0 0 0 0 0 
122 46 20 19 2 0 0 0 0 0 
288 87 21 25 2 0 0 0 0 0 
308 55 17 20 2 0 0 0 0 0 
377 59 16 21 2 0 0 0 1 0 
394 120 19 23 2 0 0 0 1 0 
336 125 21 24 2 0 0 0 0 0 
318 171 21 24 2 0 0 0 1 0 
296 198 21 23 2 0 0 0 2 0 
277 243 20 25 2 0 0 0 1 0 
359 250 21 20 2 0 0 0 0 0 
372 206 24 21 2 0 0 0 1 0 
422 155 20 23 2 0 0 0 0 0 
432 60 24 22 2 0 0 0 2 0 
432 89 21 24 2 0 0 0 0 0 
478 75 20 25 2 0 0 0 1 0 
528 51 20 22 2 0 0 0 1 0 
333 218 19 23 2 0 0 0 2 0 
420 228 23 26 2 0 0 0 2 0 
446 206 20 25 2 0 0 0 0 0 
511 208 20 25 2 0 0 0 0 0 
502 154 20 23 2 0 0 0 2 0 
533 220 19 22 2 0 0 0 0 0 
334 14 19 25 2 0 0 0 1 0 
239 10 24 27 2 0 0 0 0 0 
185 22 20 21 2 0 0 0 0 0 
388 17 22 21 2 0 0 0 0 0 
456 15 19 24 2 0 0 0 0 0 
554 90 24 25 2 0 0 0 1 0 
561 49 18 24 2 0 0 0 2 0 
547 118 22 27 2 0 0 0 0 0 
621 53 18 25 2 0 0 0 0 0 
588 34 20 20 2 0 0 0 1 0 
650 196 18 21 2 0 0 0 2 0 
522 271 24 22 2 0 0 0 2 0 
943 119 20 24 2 0 0 0 0 0 
890 83 22 28 2 0 0 0 0 0 
770 30 20 27 2 0 0 0 0 0 
939 61 19 23 2 0 0 0 1 0 
905 30 22 23 2 0 0 0 0 0 
946 27 16 19 2 0 0 0 0 0 
1002 89 20 24 2 0 0 0 0 0 
1008 56 16 27 2 0 0 0 2 0 
1005 126 19 28 2 0 0 0 0 0 
823 24 19 28 2 0 0 0 0 0 
673 88 22 27 2 0 0 0 0 0 
706 3 23 24 2 0 0 0 0 0 
963 92 19 21 2 0 0 0 0 0 
1007 4 17 21 2 0 0 0 0 0 
884 44 21 27 2 0 0 0 0 0 
806 66 20 22 2 0 0 0 0 0 
263 504 24 29 2 0 0 0 1 0 
227 513 29 28 2 0 0 0 2 0 
166 466 27 31 2 0 0 0 0 0 
187 399 28 37 2 0 0 0 0 0 
208 356 29 30 2 0 0 0 0 0 
226 308 26 36 2 0 0 0 0 0 
170 323 26 32 2 0 0 0 0 0 
172 276 23 27 2 0 0 0 0 0 
271 284 23 26 2 0 0 0 0 0 
328 277 23 32 2 0 0 0 0 0 
329 344 23 33 2 0 0 0 0 0 
409 306 25 29 2 0 0 0 0 0 
424 286 23 29 2 0 0 0 0 0 
0 196 10 28 2 0 0 0 1 0 
647 101 19 29 2 0 0 0 0 0 
688 123 22 28 2 0 0 0 2 0 
869 333 19 30 2 0 0 0 2 0 
908 440 19 24 2 0 0 0 1 0 
58--Hockey/58_Hockey_icehockey_puck_58_141.jpg
2
586 70 52 66 1 0 0 0 0 0 
265 42 55 77 1 0 0 0 0 0 
58--Hockey/58_Hockey_icehockey_puck_58_297.jpg
1
516 186 54 58 1 0 0 0 1 0 
58--Hockey/58_Hockey_icehockey_puck_58_615.jpg
17
660 237 43 51 1 0 0 0 0 1 
143 139 44 50 1 0 0 0 0 0 
877 0 15 20 2 0 0 0 0 0 
752 44 25 30 1 0 0 0 0 0 
948 47 22 33 2 0 0 0 0 0 
796 1 17 9 2 0 0 0 2 0 
612 1 17 23 1 0 0 0 1 0 
586 1 25 18 1 0 0 0 1 0 
556 28 19 31 1 0 0 0 0 0 
482 2 24 17 2 0 0 0 0 0 
239 20 23 34 2 0 0 0 1 0 
290 34 25 30 2 0 0 0 1 0 
204 1 21 15 2 0 0 0 2 0 
238 1 24 15 2 0 0 0 2 0 
96 43 27 38 1 0 0 0 0 0 
28 57 28 37 1 0 0 0 0 0 
153 9 20 19 2 0 0 0 2 0 
58--Hockey/58_Hockey_icehockey_puck_58_377.jpg
3
210 76 60 82 1 0 0 0 0 0 
598 210 68 64 1 0 0 0 0 1 
536 66 66 66 1 0 0 0 2 1 
58--Hockey/58_Hockey_icehockey_puck_58_102.jpg
1
474 222 58 76 1 0 1 0 1 0 
58--Hockey/58_Hockey_icehockey_puck_58_37.jpg
3
414 200 29 41 2 0 0 0 2 0 
246 0 43 32 2 0 0 0 2 0 
995 482 29 75 2 0 0 0 2 0 
58--Hockey/58_Hockey_icehockey_puck_58_35.jpg
4
529 66 56 63 1 0 0 0 1 0 
350 32 46 38 1 0 0 0 0 0 
662 0 47 54 1 0 0 0 0 0 
783 0 40 45 1 0 0 0 1 0 
58--Hockey/58_Hockey_icehockey_puck_58_723.jpg
3
809 37 52 75 0 0 0 0 0 1 
419 37 46 75 0 0 0 0 0 1 
100 35 46 77 0 0 0 0 0 1 
58--Hockey/58_Hockey_icehockey_puck_58_964.jpg
30
254 377 15 21 2 0 0 0 1 0 
672 513 16 20 2 0 0 0 0 0 
727 370 16 17 2 0 0 0 0 0 
348 325 11 12 2 0 0 0 0 0 
418 317 9 11 0 0 0 0 0 0 
428 292 7 8 2 0 0 1 0 0 
407 288 9 11 2 0 0 0 0 0 
379 290 8 8 2 0 0 1 0 0 
356 293 8 9 2 0 0 1 0 0 
326 313 9 11 2 0 0 0 0 0 
303 304 8 9 2 0 0 0 0 0 
313 318 7 9 2 0 0 0 2 0 
305 324 10 11 2 0 0 0 1 0 
272 323 7 9 2 0 0 0 0 0 
183 347 9 10 2 0 0 0 0 0 
135 332 8 9 2 0 0 0 0 0 
128 361 10 10 2 0 0 0 2 0 
88 366 7 8 2 0 0 0 2 0 
105 363 7 10 2 0 0 0 1 0 
84 337 8 6 2 0 0 0 2 0 
111 329 8 8 2 0 0 0 2 0 
158 297 7 9 2 0 0 0 1 0 
176 303 6 9 2 0 0 0 2 0 
198 303 8 8 2 0 0 1 0 0 
165 343 9 9 2 0 0 1 1 0 
171 327 7 9 2 0 0 1 0 0 
140 300 5 7 0 0 0 1 0 0 
157 369 8 9 0 0 0 1 0 0 
432 321 7 11 0 0 0 0 0 0 
671 491 16 17 2 0 0 0 2 0 
58--Hockey/58_Hockey_icehockey_puck_58_321.jpg
1
548 146 62 76 1 0 0 0 1 0 
58--Hockey/58_Hockey_icehockey_puck_58_2.jpg
24
695 136 72 70 1 0 0 0 0 0 
332 105 62 66 1 0 0 0 0 0 
839 54 20 28 2 0 0 0 0 0 
896 49 24 23 2 0 0 0 0 0 
900 15 25 29 2 0 0 0 2 0 
984 40 23 36 2 0 0 0 0 0 
971 23 20 25 2 0 0 0 0 0 
769 34 25 30 2 0 0 0 1 0 
696 23 27 29 2 0 0 0 0 0 
617 38 22 30 2 0 0 0 0 0 
706 4 24 19 2 0 0 0 1 0 
756 0 25 18 2 0 0 0 1 0 
464 77 24 32 2 0 0 0 0 0 
533 76 23 29 2 0 0 0 0 0 
542 32 24 23 2 0 0 0 0 0 
434 44 26 23 2 0 0 0 0 0 
397 15 24 28 2 0 0 0 0 0 
282 70 21 28 2 0 0 0 0 0 
19 16 19 36 2 0 0 0 1 0 
852 2 23 13 2 0 0 0 2 0 
940 1 24 13 2 0 0 0 1 0 
2 52 17 35 2 0 0 0 0 0 
752 34 16 27 2 0 0 0 2 0 
627 2 23 19 2 0 1 0 1 0 
58--Hockey/58_Hockey_icehockey_puck_58_898.jpg
24
257 116 44 62 1 0 0 0 0 1 
330 84 33 41 1 0 0 0 0 0 
251 11 25 34 1 0 0 0 0 0 
94 26 26 32 0 0 0 0 1 0 
41 157 36 42 2 0 0 0 0 0 
1 150 12 46 1 0 0 0 1 0 
456 94 30 35 1 0 0 0 0 0 
403 94 25 32 1 0 0 0 0 0 
368 19 24 44 2 0 0 0 0 0 
464 16 28 29 2 0 0 0 0 0 
573 113 23 31 1 0 0 0 2 0 
801 23 29 37 1 0 0 0 2 0 
867 70 36 33 1 0 0 0 0 0 
976 69 23 22 2 0 0 0 0 0 
898 7 22 24 2 0 0 0 0 0 
976 11 22 25 2 0 0 0 0 0 
760 66 21 19 2 0 0 0 2 0 
852 211 49 50 1 0 0 0 2 0 
925 147 18 25 2 0 0 0 0 0 
997 186 26 24 2 0 0 0 1 0 
744 164 26 28 2 0 0 0 2 0 
783 98 19 20 2 0 0 0 2 0 
781 181 24 20 2 0 0 0 2 0 
496 105 21 24 2 0 0 0 2 0 
58--Hockey/58_Hockey_icehockey_puck_58_186.jpg
1
332 365 375 506 1 0 0 0 2 0 
58--Hockey/58_Hockey_icehockey_puck_58_352.jpg
2
578 98 58 86 0 0 0 0 1 0 
308 194 74 104 1 0 0 0 0 0 
58--Hockey/58_Hockey_icehockey_puck_58_278.jpg
76
459 78 61 73 1 0 0 0 0 0 
815 176 19 21 2 0 0 0 0 0 
712 73 15 17 2 0 0 0 0 0 
650 92 15 17 2 0 0 0 0 0 
629 73 15 15 2 0 0 0 0 0 
681 64 17 17 2 0 0 0 1 0 
661 42 14 17 2 0 0 0 1 0 
630 48 14 16 2 0 0 0 1 0 
593 46 16 16 2 0 0 0 0 0 
581 65 18 17 2 0 0 0 0 0 
703 28 14 14 2 0 0 0 1 0 
677 24 14 15 2 0 0 0 0 0 
584 20 15 16 2 0 0 0 1 0 
689 87 14 15 2 0 0 0 0 0 
706 124 14 16 2 0 0 0 0 0 
743 99 15 16 2 0 0 0 0 0 
769 105 14 15 2 0 0 0 1 0 
798 122 16 21 2 0 0 0 0 0 
801 74 16 16 2 0 0 0 0 0 
823 94 16 19 2 0 0 0 0 0 
815 146 16 15 2 0 0 0 1 0 
763 161 16 16 2 0 0 0 1 0 
718 151 16 17 2 0 0 0 1 0 
419 64 15 15 2 0 0 0 0 0 
413 21 15 16 2 0 0 0 0 0 
370 145 18 20 2 0 0 0 0 0 
365 182 19 24 2 0 0 0 0 0 
338 127 17 17 2 0 0 0 0 0 
551 38 14 20 2 0 0 0 1 0 
715 50 15 18 2 0 0 0 0 0 
990 179 15 19 2 0 0 0 0 0 
943 165 12 15 2 0 0 0 1 0 
902 180 15 20 2 0 0 0 0 0 
869 149 15 17 2 0 0 0 0 0 
829 129 15 17 2 0 0 0 0 0 
869 55 14 16 2 0 0 0 0 0 
920 131 14 16 2 0 0 0 0 0 
860 102 14 13 2 0 0 0 0 0 
936 66 12 13 2 0 0 0 0 0 
803 29 14 12 2 0 0 0 0 0 
770 24 13 13 2 0 0 0 0 0 
727 14 12 11 2 0 0 0 0 0 
850 12 14 12 2 0 0 0 1 0 
903 54 15 18 2 0 0 0 0 0 
867 191 14 15 2 0 0 0 0 0 
177 25 17 19 2 0 0 0 0 0 
212 38 14 15 2 0 0 0 0 0 
216 62 13 15 2 0 0 0 0 0 
102 113 19 18 2 0 0 0 0 0 
106 86 16 17 2 0 0 0 1 0 
73 60 13 17 2 0 0 0 1 0 
96 56 16 19 2 0 0 0 0 0 
75 33 19 13 2 0 0 0 2 0 
28 2 20 17 2 0 0 0 1 0 
165 5 14 16 2 0 0 0 0 0 
74 143 20 22 2 0 0 0 0 0 
216 126 11 19 2 0 0 0 1 0 
260 116 16 20 2 0 0 0 0 0 
255 87 15 19 2 0 0 0 0 0 
52 89 16 17 2 0 0 0 0 0 
3 86 11 23 2 0 0 0 2 0 
126 2 15 13 2 0 0 0 0 0 
297 90 18 23 2 0 0 0 1 0 
254 193 15 16 2 0 0 0 0 0 
205 185 16 18 2 0 0 0 1 0 
163 194 15 18 2 0 0 0 1 0 
112 185 18 19 2 0 0 0 0 0 
39 192 16 19 2 0 0 0 0 0 
18 162 16 16 2 0 0 0 0 0 
211 99 13 18 2 0 0 0 1 0 
162 64 13 14 2 0 0 0 0 0 
323 112 13 21 2 0 0 0 1 0 
304 181 20 24 2 0 0 0 1 0 
632 28 11 14 2 0 0 0 0 0 
457 13 15 16 2 0 0 0 0 0 
962 98 15 19 2 0 0 0 1 0 
58--Hockey/58_Hockey_icehockey_puck_58_596.jpg
1
722 82 66 86 1 0 0 0 1 0 
58--Hockey/58_Hockey_icehockey_puck_58_666.jpg
22
922 97 36 42 1 0 0 0 0 0 
848 89 34 40 1 0 0 0 0 0 
816 80 31 36 1 0 0 0 0 0 
764 102 30 36 1 0 0 0 0 0 
715 81 30 36 1 0 0 0 0 0 
691 75 26 31 1 0 0 0 0 0 
660 108 28 28 2 0 0 0 0 0 
622 95 26 34 1 0 0 0 0 0 
588 76 27 32 1 0 0 0 0 0 
555 96 29 31 1 0 0 0 0 0 
531 73 27 34 1 0 0 0 0 0 
505 78 27 34 1 0 0 0 0 0 
474 111 26 32 1 0 0 0 0 0 
438 96 27 33 1 0 0 0 0 0 
402 113 25 31 1 0 0 0 0 0 
375 97 27 34 1 0 0 0 0 0 
328 84 28 35 1 0 0 0 0 0 
288 96 28 36 1 0 0 0 0 0 
239 71 30 35 1 0 0 0 0 0 
217 100 33 38 1 0 0 0 0 0 
132 92 32 40 1 0 0 0 0 0 
58 60 35 41 1 0 0 0 0 0 
58--Hockey/58_Hockey_icehockey_puck_58_292.jpg
2
642 90 66 72 1 0 0 0 0 1 
282 142 62 70 1 0 0 0 0 0 
58--Hockey/58_Hockey_icehockey_puck_58_947.jpg
11
450 91 71 93 1 0 0 0 0 0 
589 128 69 87 1 1 0 0 0 0 
747 141 58 84 1 0 0 0 0 1 
404 46 56 68 1 0 0 0 1 0 
198 64 52 73 1 0 0 0 0 0 
841 0 37 46 1 0 0 0 2 0 
873 0 3 1 0 0 0 1 0 0 
870 0 44 18 2 0 0 0 2 0 
981 66 43 75 1 0 0 0 2 0 
956 2 50 56 2 0 0 0 2 0 
0 190 22 59 1 0 0 0 2 0 
58--Hockey/58_Hockey_icehockey_puck_58_1033.jpg
1
383 132 223 337 0 0 0 0 0 0 
58--Hockey/58_Hockey_icehockey_puck_58_5.jpg
6
391 189 52 59 1 0 0 0 0 0 
662 81 47 63 1 0 0 0 0 0 
255 62 37 40 2 0 0 0 1 0 
79 52 31 35 2 0 0 0 0 0 
499 11 20 23 2 0 0 0 2 0 
376 13 21 21 2 0 0 0 0 0 
58--Hockey/58_Hockey_icehockey_puck_58_559.jpg
11
478 95 68 69 1 0 0 0 0 0 
434 24 35 28 2 0 0 0 0 0 
394 29 23 22 2 0 0 0 0 0 
230 23 24 32 2 0 0 0 2 0 
142 37 43 54 1 1 0 0 0 0 
671 86 22 28 2 0 0 0 0 0 
721 86 23 26 2 0 0 0 0 0 
801 104 20 21 2 0 0 0 1 0 
849 82 17 26 2 0 0 0 2 0 
646 18 26 24 2 0 0 0 2 0 
596 52 21 18 2 0 0 0 0 0 
58--Hockey/58_Hockey_icehockey_puck_58_223.jpg
1
312 116 82 106 1 0 0 0 0 0 
58--Hockey/58_Hockey_icehockey_puck_58_391.jpg
10
402 278 19 22 2 0 0 0 0 0 
349 227 13 19 2 0 0 0 0 0 
270 246 14 21 2 1 0 0 0 0 
282 223 9 12 2 0 0 0 0 0 
508 226 8 11 2 0 0 0 0 0 
407 236 17 21 2 0 0 0 0 0 
375 357 17 19 2 0 0 0 0 0 
832 249 12 16 2 0 0 0 1 0 
808 208 7 7 2 0 0 1 0 0 
118 359 30 31 2 0 0 0 1 0 
58--Hockey/58_Hockey_icehockey_puck_58_143.jpg
2
494 128 64 98 1 0 0 0 0 0 
718 114 62 84 1 0 0 0 1 0 
58--Hockey/58_Hockey_icehockey_puck_58_215.jpg
1
685 74 39 46 1 0 0 0 0 0 
58--Hockey/58_Hockey_icehockey_puck_58_643.jpg
1
299 160 228 326 0 0 0 0 0 0 
58--Hockey/58_Hockey_icehockey_puck_58_566.jpg
1
367 96 126 181 2 0 0 0 0 0 
58--Hockey/58_Hockey_icehockey_puck_58_594.jpg
1
168 470 274 301 0 0 0 0 0 0 
58--Hockey/58_Hockey_icehockey_puck_58_216.jpg
1
542 28 70 92 1 1 0 0 1 0 
58--Hockey/58_Hockey_icehockey_puck_58_524.jpg
4
555 44 44 58 1 0 0 0 0 0 
470 170 46 50 2 0 0 0 1 0 
814 86 50 55 2 0 0 0 0 0 
271 327 46 43 2 0 0 0 1 0 
58--Hockey/58_Hockey_icehockey_puck_58_364.jpg
1
640 18 126 170 0 0 0 0 0 0 
58--Hockey/58_Hockey_icehockey_puck_58_188.jpg
2
112 54 204 194 1 0 0 0 0 1 
600 384 140 154 0 0 0 0 0 1 
58--Hockey/58_Hockey_icehockey_puck_58_897.jpg
24
894 76 25 29 1 0 0 0 0 0 
964 67 33 39 1 0 0 0 0 0 
1007 41 17 28 1 0 0 0 2 0 
975 173 29 38 1 0 0 0 1 0 
950 125 26 38 1 0 0 0 0 0 
894 161 28 38 1 0 0 0 0 0 
849 99 32 48 1 0 0 0 0 0 
853 33 27 31 1 0 0 0 0 0 
793 60 28 33 1 0 0 0 0 0 
767 25 25 32 1 0 0 0 0 0 
734 76 28 41 1 0 0 0 0 0 
709 46 30 34 1 0 0 0 0 0 
667 162 27 25 1 0 0 0 0 0 
719 193 37 45 1 0 0 0 0 0 
790 143 26 24 1 0 0 0 0 0 
628 78 32 31 1 0 0 0 0 0 
530 180 31 41 1 0 0 0 0 0 
571 138 30 28 1 0 0 0 0 0 
451 173 52 61 1 1 0 0 0 0 
212 191 43 49 1 0 0 0 0 0 
266 126 25 33 1 0 0 0 0 0 
188 123 25 31 1 0 0 0 0 0 
396 68 26 36 1 0 0 0 2 0 
0 24 17 38 2 0 0 0 1 0 
58--Hockey/58_Hockey_icehockey_puck_58_794.jpg
5
480 140 70 90 1 0 0 0 0 0 
58 92 68 92 1 0 0 0 0 0 
682 166 64 94 1 0 0 0 0 0 
954 178 68 84 1 0 0 0 1 0 
942 502 78 112 1 0 0 0 0 0 
58--Hockey/58_Hockey_icehockey_puck_58_52.jpg
3
656 63 33 39 1 0 0 0 1 0 
358 203 38 33 1 0 0 0 2 0 
334 33 31 34 1 0 0 0 1 0 
58--Hockey/58_Hockey_icehockey_puck_58_533.jpg
1
514 232 98 120 1 0 0 0 0 0 
58--Hockey/58_Hockey_icehockey_puck_58_136.jpg
1
326 151 39 54 0 0 0 0 2 0 
58--Hockey/58_Hockey_icehockey_puck_58_240.jpg
3
774 76 60 86 0 0 0 0 1 0 
508 128 56 82 0 0 0 0 1 0 
280 102 64 66 0 0 0 0 1 0 
58--Hockey/58_Hockey_icehockey_puck_58_918.jpg
13
895 392 41 45 1 0 0 0 1 0 
818 225 43 56 1 0 0 0 0 0 
879 122 44 59 1 0 0 0 1 0 
701 142 41 54 1 0 0 0 0 0 
529 176 44 45 1 0 0 0 1 0 
715 393 40 47 1 0 0 0 1 0 
504 476 49 51 1 0 0 0 1 0 
446 178 45 67 1 0 0 0 1 0 
363 493 38 51 1 0 0 0 1 0 
220 383 48 51 1 0 0 0 1 0 
105 382 43 51 1 0 0 0 1 0 
101 173 44 69 1 0 0 0 0 0 
489 2 46 49 1 0 0 0 0 0 
58--Hockey/58_Hockey_icehockey_puck_58_729.jpg
2
74 112 226 360 1 0 0 0 1 0 
442 192 210 296 1 0 0 0 0 0 
58--Hockey/58_Hockey_icehockey_puck_58_929.jpg
53
778 227 43 43 1 0 0 0 0 0 
698 161 49 59 1 0 0 0 0 0 
608 141 42 49 1 0 0 0 0 0 
509 126 37 55 0 0 0 0 0 0 
389 239 43 46 1 0 0 0 0 0 
303 234 48 63 1 0 0 0 0 0 
319 108 18 23 1 0 0 0 0 0 
477 110 25 25 1 0 0 0 0 0 
877 174 24 33 1 0 0 0 0 0 
816 118 29 37 1 0 0 0 1 0 
850 101 20 18 1 0 0 0 0 0 
760 105 20 20 1 0 0 0 0 0 
760 151 19 38 2 0 0 0 2 0 
955 128 35 34 1 0 0 0 0 0 
1013 101 9 21 2 0 0 0 0 1 
954 65 12 15 2 0 0 0 0 0 
990 49 10 14 2 0 0 0 1 0 
954 46 9 12 2 0 0 0 1 0 
811 86 15 17 2 0 0 0 0 0 
850 63 8 13 2 0 0 0 2 0 
899 75 10 13 2 0 0 0 1 0 
903 63 9 8 2 0 0 0 2 0 
766 76 12 13 2 0 0 0 1 0 
773 62 11 16 2 0 0 0 2 0 
785 60 9 9 2 0 0 0 2 0 
752 72 8 10 2 0 0 0 2 0 
721 66 8 11 2 0 0 0 1 0 
684 70 17 18 1 0 0 0 0 0 
665 63 10 12 2 0 0 0 0 0 
656 61 7 14 2 0 0 0 0 1 
372 85 20 25 1 0 0 0 0 0 
395 75 14 18 1 0 0 0 1 0 
407 88 17 20 1 0 0 0 0 0 
462 106 15 20 1 0 0 0 0 0 
514 64 8 8 2 0 0 0 2 0 
415 69 12 13 2 0 0 0 2 0 
379 61 11 11 2 0 0 0 2 0 
348 65 12 15 2 0 0 0 1 0 
247 67 10 12 2 0 0 0 2 0 
214 107 13 22 2 0 0 0 0 1 
157 129 28 34 1 0 0 0 0 0 
121 131 38 43 1 0 0 0 0 0 
68 151 33 33 1 0 0 0 0 0 
53 109 16 23 2 0 0 0 0 0 
34 80 7 15 2 0 0 0 2 0 
96 69 7 10 2 0 0 0 2 0 
143 65 10 12 2 0 0 0 2 0 
154 73 8 13 2 0 0 0 0 0 
436 73 14 18 2 0 0 0 2 0 
628 60 9 12 2 0 0 0 1 0 
638 64 8 10 2 0 0 0 2 0 
702 61 9 14 2 0 0 0 2 0 
760 53 8 10 2 0 0 0 2 0 
58--Hockey/58_Hockey_icehockey_puck_58_886.jpg
3
400 164 98 134 0 0 0 0 0 0 
482 140 58 132 1 0 0 0 2 0 
292 292 54 80 2 0 0 0 0 0 
58--Hockey/58_Hockey_icehockey_puck_58_313.jpg
24
863 159 23 26 1 0 0 0 0 0 
782 165 23 28 1 0 0 0 0 0 
703 161 22 24 1 0 0 0 0 0 
623 162 22 26 1 0 0 0 0 0 
929 93 21 23 1 0 0 0 0 0 
862 101 20 28 1 0 0 0 0 0 
811 95 18 23 1 0 0 0 0 0 
742 94 21 23 1 0 0 0 0 0 
697 94 19 24 1 0 0 0 0 0 
638 78 22 26 1 0 0 0 0 0 
569 63 19 27 1 0 0 0 0 0 
499 72 21 26 1 0 0 0 0 0 
431 84 20 24 0 0 0 0 0 0 
387 152 22 28 1 0 0 0 0 0 
466 153 20 27 1 0 0 0 0 0 
546 162 22 30 0 0 0 0 0 0 
377 85 22 25 1 0 0 0 0 0 
330 85 21 29 1 0 0 0 0 0 
277 84 20 27 1 0 0 0 0 0 
276 170 24 28 1 0 0 0 0 0 
199 162 23 27 1 0 0 0 0 0 
156 89 21 27 1 0 0 0 0 0 
218 85 21 28 1 0 0 0 0 0 
85 79 22 22 1 0 0 0 0 0 
58--Hockey/58_Hockey_icehockey_puck_58_180.jpg
1
452 192 66 68 1 0 0 0 0 0 
58--Hockey/58_Hockey_icehockey_puck_58_555.jpg
22
673 118 39 51 2 0 0 0 0 0 
640 110 37 50 1 0 0 0 0 0 
612 106 32 44 1 0 0 0 0 0 
576 95 32 37 2 0 0 0 0 0 
580 34 26 31 2 0 0 0 0 0 
545 77 30 37 1 0 0 0 0 0 
521 62 28 40 2 0 0 0 0 0 
500 45 28 37 2 0 0 0 0 0 
462 27 29 35 2 0 0 0 2 0 
456 50 28 36 2 0 0 0 0 0 
436 64 31 43 2 0 0 0 0 0 
410 68 29 45 1 0 0 0 1 0 
376 25 26 30 2 0 0 0 0 0 
379 84 35 48 1 0 0 0 0 0 
342 99 38 45 1 0 0 0 0 0 
305 123 37 50 1 0 0 0 0 0 
488 202 44 52 2 0 0 0 0 0 
264 138 41 53 1 0 0 0 0 0 
208 163 43 52 2 0 0 0 0 0 
94 157 53 57 1 0 0 0 0 0 
796 192 51 58 1 0 0 0 0 0 
737 150 40 51 2 0 0 0 0 0 
58--Hockey/58_Hockey_icehockey_puck_58_135.jpg
62
276 181 22 23 2 0 0 0 0 0 
287 152 19 21 2 0 0 0 0 0 
349 39 20 21 2 0 0 0 0 0 
325 34 13 15 2 0 0 0 2 0 
360 154 18 22 2 0 0 0 0 0 
384 68 19 27 2 0 0 0 0 0 
424 38 16 24 2 0 0 0 0 0 
405 5 16 21 2 0 0 0 0 0 
502 9 20 25 2 0 0 0 0 0 
505 69 18 25 2 0 0 0 0 0 
476 52 17 20 2 0 0 0 0 0 
439 71 12 25 2 0 0 0 0 0 
461 102 15 24 2 0 0 0 0 0 
428 136 20 27 2 0 0 0 0 0 
519 109 26 28 2 0 0 0 0 0 
560 72 19 25 2 0 0 0 0 0 
537 39 21 23 2 0 0 0 0 0 
464 15 15 18 2 0 0 0 0 0 
233 150 16 21 2 0 0 0 2 0 
643 161 14 16 2 0 0 0 0 0 
641 198 19 24 2 0 0 0 0 0 
566 192 20 22 2 0 0 0 2 0 
501 142 21 24 2 0 0 0 2 0 
736 130 21 24 2 0 0 0 0 0 
608 41 18 22 2 0 0 0 0 0 
772 102 19 25 2 0 0 0 0 0 
809 73 19 22 2 0 0 0 0 0 
791 140 20 24 2 0 0 0 0 0 
762 185 21 29 2 0 0 0 1 0 
137 75 15 20 2 0 0 0 0 0 
126 102 17 26 2 0 0 0 0 0 
60 78 17 23 2 0 0 0 0 0 
58 114 17 22 2 0 0 0 0 0 
6 78 16 19 2 0 0 0 0 0 
40 12 19 20 2 0 0 0 0 0 
95 18 18 15 2 0 0 0 2 0 
153 9 18 22 2 0 0 0 1 0 
183 106 17 19 2 0 0 0 0 0 
199 106 18 23 2 0 0 0 0 0 
143 145 18 24 2 0 0 0 2 0 
80 150 19 23 2 0 0 0 0 0 
22 146 18 24 2 0 0 0 0 0 
13 201 17 24 2 0 0 0 0 0 
276 8 17 24 2 0 0 0 0 0 
294 49 17 21 2 0 0 0 0 0 
246 104 18 22 2 0 0 0 0 0 
304 74 17 21 2 0 0 0 0 0 
335 110 17 25 2 0 0 0 0 0 
870 66 17 22 2 0 0 0 0 0 
868 99 21 27 2 0 0 0 2 0 
841 55 14 12 2 0 0 0 2 0 
580 11 18 16 2 0 0 0 2 0 
974 37 20 22 2 0 0 0 0 0 
924 63 20 26 2 0 0 0 0 0 
994 106 21 25 2 0 0 0 0 0 
944 144 21 27 2 0 0 0 0 0 
884 149 16 24 2 0 0 0 0 0 
875 2 20 19 2 0 0 0 0 0 
933 1 18 19 2 0 0 0 1 0 
1015 3 9 23 2 0 0 0 2 0 
523 188 40 39 2 0 0 0 2 0 
151 287 28 30 2 0 0 0 0 0 
58--Hockey/58_Hockey_icehockey_puck_58_101.jpg
3
864 207 46 57 1 0 0 0 0 0 
517 292 41 51 1 0 0 0 0 0 
158 90 45 54 1 0 0 0 0 0 
58--Hockey/58_Hockey_icehockey_puck_58_71.jpg
45
967 86 19 25 2 0 0 0 0 0 
930 55 16 17 2 0 0 0 0 0 
1006 31 18 23 2 0 0 0 0 0 
966 9 20 17 2 0 0 0 0 0 
881 18 15 19 2 0 0 0 0 0 
828 232 39 63 1 0 0 0 0 0 
807 175 22 26 2 0 0 0 0 0 
769 116 24 26 2 0 0 0 0 0 
783 207 22 34 2 0 0 0 0 0 
735 169 22 29 2 0 0 0 0 0 
694 121 21 28 2 0 0 0 0 0 
692 218 22 32 2 0 0 0 0 0 
670 173 22 27 2 0 0 0 0 0 
696 42 19 27 2 0 0 0 2 0 
644 54 18 22 2 0 0 0 0 0 
678 12 18 19 2 0 0 0 0 0 
620 5 19 25 2 0 0 0 0 0 
576 56 18 20 2 0 0 0 0 0 
529 87 24 23 2 0 0 0 0 0 
516 50 19 22 2 0 0 0 0 0 
547 21 16 20 2 0 0 0 0 0 
494 16 19 24 2 0 0 0 1 0 
625 218 27 34 2 0 0 0 0 0 
542 229 24 24 2 0 0 0 0 0 
497 229 22 25 2 0 0 0 0 0 
363 96 37 38 2 0 0 0 1 0 
460 95 17 18 2 0 0 0 0 0 
447 45 21 30 2 0 0 0 1 0 
434 11 19 23 2 0 0 0 0 0 
372 56 18 21 2 0 0 0 1 0 
330 46 20 28 2 0 0 0 0 0 
290 92 17 22 2 0 0 0 0 0 
263 222 23 35 2 0 0 0 0 0 
311 3 20 21 2 0 0 0 0 0 
260 17 19 25 2 0 0 0 0 0 
257 49 17 22 2 0 0 0 1 0 
193 9 18 25 2 0 0 0 0 0 
116 31 43 48 2 0 0 0 0 0 
23 49 19 28 2 0 0 0 0 0 
12 77 22 36 2 0 0 0 0 0 
5 128 15 29 2 0 0 0 2 0 
156 88 16 21 2 0 0 0 1 0 
79 16 15 15 2 0 0 0 2 0 
9 188 17 27 2 0 0 0 2 0 
6 240 21 22 2 0 0 0 2 0 
58--Hockey/58_Hockey_icehockey_puck_58_617.jpg
1
340 80 248 408 0 0 0 0 2 0 
58--Hockey/58_Hockey_icehockey_puck_58_375.jpg
7
393 71 27 37 2 0 0 0 0 0 
438 34 21 31 2 0 0 0 0 0 
481 9 24 32 2 0 0 0 0 0 
292 59 24 32 2 0 0 0 0 0 
197 45 24 31 2 0 0 0 0 0 
163 33 17 32 2 0 0 0 2 0 
539 308 49 38 1 0 0 0 0 1 
58--Hockey/58_Hockey_icehockey_puck_58_644.jpg
1
668 166 36 47 2 0 0 0 0 0 
58--Hockey/58_Hockey_icehockey_puck_58_343.jpg
2
358 234 80 126 1 0 0 0 0 0 
690 198 86 126 0 0 0 0 1 0 
58--Hockey/58_Hockey_icehockey_puck_58_8.jpg
3
284 106 76 90 0 0 0 0 1 0 
542 146 76 96 0 0 0 0 1 0 
480 8 54 50 2 0 0 0 0 0 
58--Hockey/58_Hockey_icehockey_puck_58_316.jpg
2
574 120 26 40 1 0 1 0 0 0 
352 113 19 37 1 0 1 0 0 0 
58--Hockey/58_Hockey_icehockey_puck_58_238.jpg
8
450 142 53 55 0 0 0 0 0 0 
552 150 45 59 0 0 0 0 0 1 
538 26 57 76 1 0 0 0 0 0 
637 46 43 67 1 0 0 0 1 0 
390 80 51 76 1 0 0 0 2 0 
305 111 45 67 1 0 0 0 2 0 
207 84 31 53 1 0 0 0 0 0 
781 18 45 64 1 0 0 0 2 0 
58--Hockey/58_Hockey_icehockey_puck_58_1030.jpg
4
914 66 88 120 1 0 0 0 0 0 
670 102 98 120 1 0 0 0 0 0 
354 112 102 146 1 0 0 0 0 0 
550 146 90 114 1 0 0 0 0 0 
58--Hockey/58_Hockey_icehockey_puck_58_335.jpg
7
499 320 12 14 2 0 0 0 0 0 
580 320 10 11 2 0 0 0 0 0 
609 384 17 22 2 0 0 0 1 0 
244 308 15 21 1 0 0 0 0 0 
126 359 21 22 2 0 0 0 1 0 
127 295 11 13 2 0 0 0 1 0 
841 322 15 20 2 0 0 0 0 0 
58--Hockey/58_Hockey_icehockey_puck_58_447.jpg
35
853 261 20 27 1 0 0 0 0 0 
888 221 20 26 1 0 0 0 0 0 
914 280 18 23 1 0 0 0 0 0 
930 334 20 26 1 0 0 0 0 0 
842 339 18 25 1 0 0 0 0 0 
787 261 20 25 1 0 0 0 0 0 
754 223 17 20 1 0 0 0 0 0 
753 339 20 25 1 0 0 0 0 0 
709 266 18 23 1 0 0 0 0 0 
665 335 19 31 1 0 0 0 0 0 
587 339 19 26 1 0 0 0 0 0 
628 265 18 22 1 0 0 0 0 0 
555 264 18 25 1 0 0 0 0 0 
686 210 19 26 1 0 0 0 0 0 
608 214 18 25 1 0 0 0 0 0 
531 215 18 24 1 0 0 0 0 0 
454 220 17 20 1 0 0 0 0 0 
481 259 17 24 1 0 0 0 0 0 
402 266 17 21 1 0 0 0 0 0 
378 222 18 23 1 0 0 0 0 0 
324 270 19 21 1 0 0 0 0 0 
307 224 18 21 1 0 0 0 0 0 
250 270 18 21 1 0 0 0 0 0 
232 218 18 25 1 0 0 0 0 0 
165 227 17 22 1 0 0 0 0 0 
170 275 20 24 1 0 0 0 0 0 
172 340 19 26 1 0 0 0 0 0 
263 339 18 25 1 0 0 0 0 0 
338 339 21 28 1 0 0 0 0 0 
423 330 19 27 1 0 0 0 0 0 
511 346 21 26 1 0 0 0 0 0 
85 334 18 23 1 0 0 0 0 0 
119 277 21 25 1 0 0 0 0 0 
64 273 19 23 1 0 0 0 0 0 
823 223 20 20 1 0 0 0 0 0 
58--Hockey/58_Hockey_icehockey_puck_58_917.jpg
1
301 200 411 616 0 0 0 0 0 0 
58--Hockey/58_Hockey_icehockey_puck_58_873.jpg
1
372 223 186 271 0 0 0 0 0 0 
58--Hockey/58_Hockey_icehockey_puck_58_196.jpg
1
582 24 72 90 1 0 0 0 0 0 
58--Hockey/58_Hockey_icehockey_puck_58_494.jpg
22
791 327 31 38 1 0 0 0 0 0 
722 404 36 75 1 0 0 0 0 0 
843 300 23 29 2 0 0 0 0 0 
825 322 25 36 2 0 0 0 2 0 
873 296 12 16 2 0 0 0 1 0 
505 188 64 89 1 1 0 0 0 0 
423 223 40 52 1 1 0 0 0 0 
486 147 35 57 1 1 0 0 0 0 
442 258 33 63 1 0 0 0 0 1 
130 123 78 121 0 1 0 0 0 0 
329 165 49 54 1 0 0 0 2 0 
441 149 11 16 2 0 0 0 0 0 
434 134 10 15 2 0 0 0 0 0 
441 123 10 12 2 0 0 0 1 0 
421 111 11 16 2 0 0 0 0 0 
363 105 11 11 2 0 0 0 1 0 
932 389 24 31 2 0 0 0 0 0 
766 311 19 31 2 0 0 0 1 0 
51 6 17 18 2 0 0 0 0 0 
350 219 62 76 2 0 0 0 2 0 
471 125 9 13 2 0 0 0 1 0 
252 113 13 27 2 0 0 0 1 0 
58--Hockey/58_Hockey_icehockey_puck_58_636.jpg
1
619 232 130 167 0 0 0 0 2 0 
58--Hockey/58_Hockey_icehockey_puck_58_129.jpg
170
676 5 11 10 2 0 0 0 0 0 
639 14 8 7 2 0 0 0 2 0 
696 5 12 7 2 0 0 0 2 0 
774 113 10 12 2 0 0 0 0 0 
752 67 10 11 2 0 0 0 1 0 
714 42 8 7 2 0 0 1 0 0 
761 27 9 11 2 0 0 0 1 0 
774 12 12 10 2 0 0 0 2 0 
612 103 12 13 2 0 0 0 0 0 
603 88 13 13 2 0 0 0 0 0 
575 89 13 11 2 0 0 0 2 0 
583 108 12 12 2 0 0 0 0 0 
813 105 15 14 2 0 0 0 0 0 
846 123 12 12 2 0 0 0 2 0 
843 194 13 13 2 0 0 0 1 0 
917 129 11 14 2 0 0 0 0 0 
878 126 13 13 2 0 0 0 0 0 
885 83 10 9 2 0 0 0 0 0 
846 109 10 10 2 0 0 0 1 0 
801 86 12 11 2 0 0 0 1 0 
857 97 7 9 2 0 0 0 0 0 
835 97 9 8 2 0 0 0 1 0 
932 54 11 13 2 0 0 0 0 0 
881 17 12 13 2 0 0 0 0 0 
839 70 11 12 2 0 0 0 1 0 
802 12 13 14 2 0 0 0 0 0 
947 70 13 13 2 0 0 0 0 0 
916 86 12 12 2 0 0 0 0 0 
923 108 10 13 2 0 0 0 2 0 
963 88 14 11 2 0 0 0 0 0 
938 99 11 10 2 0 0 0 2 0 
984 74 12 14 2 0 0 0 0 0 
963 56 11 11 2 0 0 0 0 0 
985 55 11 11 2 0 0 0 1 0 
967 152 12 13 2 0 0 0 0 0 
963 117 14 13 2 0 0 0 0 0 
958 136 11 10 2 0 0 0 0 0 
984 134 12 13 2 0 0 0 2 0 
939 149 12 12 2 0 0 0 1 0 
1009 57 12 14 2 0 0 0 2 0 
968 3 11 8 2 0 0 0 2 0 
996 4 12 9 2 0 0 0 2 0 
780 56 13 11 2 0 0 0 1 0 
811 127 13 12 2 0 0 0 2 0 
952 176 11 11 2 0 0 0 1 0 
854 174 13 11 2 0 0 0 2 0 
384 16 13 12 2 0 0 0 1 0 
141 3 13 11 2 0 0 0 1 0 
559 7 16 14 2 0 0 0 0 0 
518 103 14 12 2 0 0 0 2 0 
967 20 8 10 2 0 0 0 2 0 
661 152 44 49 1 0 0 0 2 0 
775 160 23 24 1 1 0 0 0 0 
494 143 33 36 1 0 0 0 1 0 
433 171 26 38 1 1 0 0 0 0 
99 180 13 16 2 0 0 0 0 0 
50 175 12 18 2 0 0 0 0 0 
14 175 16 22 2 0 0 0 0 0 
7 121 13 20 2 0 0 0 0 0 
39 126 16 18 2 0 0 0 0 0 
38 103 15 15 2 0 0 0 0 0 
11 75 11 16 2 0 0 0 0 0 
35 73 15 19 2 0 0 0 0 0 
60 94 16 19 2 0 0 0 1 0 
94 95 15 20 2 0 0 0 0 0 
100 72 11 18 2 0 0 0 0 0 
120 82 13 15 2 0 0 0 0 0 
121 106 14 15 2 0 0 0 0 0 
145 107 15 16 2 0 0 0 0 0 
144 80 12 16 2 0 0 0 0 0 
162 84 10 11 2 0 0 0 0 0 
167 100 16 17 2 0 0 0 0 0 
174 160 14 13 2 0 0 0 0 0 
154 180 13 14 2 0 0 0 2 0 
202 161 14 13 2 0 0 0 1 0 
251 158 13 16 2 0 0 0 0 0 
273 188 13 12 2 0 0 0 1 0 
312 187 14 13 2 0 0 0 1 0 
327 186 10 11 2 0 0 0 0 0 
300 158 15 14 2 0 0 0 0 0 
309 126 11 12 2 0 0 0 0 0 
266 115 12 13 2 0 0 0 0 0 
246 102 14 16 2 0 0 0 0 0 
231 106 13 16 2 0 0 0 0 0 
226 87 11 11 2 0 0 0 2 0 
252 86 11 12 2 0 0 0 1 0 
250 63 12 12 2 0 0 0 1 0 
246 48 10 9 2 0 0 0 1 0 
188 82 12 13 2 0 0 0 0 0 
207 63 10 10 2 0 0 0 2 0 
167 56 13 14 2 0 0 0 1 0 
185 65 13 11 2 0 0 0 0 0 
149 57 12 12 2 0 0 0 2 0 
123 37 11 10 2 0 0 0 0 0 
102 34 11 14 2 0 0 0 0 0 
60 30 12 14 2 0 0 0 0 0 
278 86 12 13 2 0 0 0 2 0 
290 79 11 12 2 0 0 0 0 0 
312 71 10 14 2 0 0 0 0 0 
323 68 12 14 2 0 0 0 0 0 
41 30 11 12 2 0 0 0 0 0 
64 12 14 14 2 0 0 0 1 0 
173 20 11 15 2 0 0 0 1 0 
196 21 13 13 2 0 0 0 1 0 
211 26 12 12 2 0 0 0 2 0 
287 28 13 12 2 0 0 0 0 0 
261 7 11 12 2 0 0 0 0 0 
222 64 12 13 2 0 0 0 0 0 
161 1 14 13 2 0 0 0 0 0 
156 19 12 9 2 0 0 0 2 0 
127 21 13 12 2 0 0 0 2 0 
110 4 11 9 2 0 0 0 2 0 
19 29 9 12 2 0 0 0 2 0 
11 9 12 9 2 0 0 0 2 0 
147 34 8 10 2 0 0 0 2 0 
90 14 9 8 2 0 0 0 0 0 
274 47 16 13 2 0 0 0 0 0 
303 11 9 11 2 0 0 0 0 0 
324 15 10 11 2 0 0 0 0 0 
355 12 10 12 2 0 0 0 0 0 
312 35 10 11 2 0 0 0 1 0 
337 30 11 12 2 0 0 0 0 0 
423 76 12 14 2 0 0 0 0 0 
346 111 13 14 2 0 0 0 0 0 
342 97 13 11 2 0 0 0 2 0 
371 117 12 11 2 0 0 0 1 0 
469 98 11 14 2 0 0 0 1 0 
432 114 12 14 2 0 0 0 0 0 
382 79 12 13 2 0 0 0 1 0 
403 39 9 11 2 0 0 0 0 0 
407 57 10 12 2 0 0 0 1 0 
382 57 12 11 2 0 0 0 2 0 
360 33 14 15 2 0 0 0 0 0 
408 16 11 14 2 0 0 0 1 0 
457 42 11 14 2 0 0 0 0 0 
470 12 12 12 2 0 0 0 1 0 
428 2 12 13 2 0 0 0 0 0 
394 119 12 10 2 0 0 0 1 0 
390 86 11 11 2 0 0 0 2 0 
478 77 9 13 2 0 0 0 0 0 
419 38 12 10 2 0 0 0 1 0 
549 37 11 14 2 0 0 0 0 0 
582 55 13 16 2 0 0 0 2 0 
654 31 8 10 2 0 0 0 0 0 
524 17 10 11 2 0 0 0 1 0 
503 17 13 10 2 0 0 0 1 0 
489 2 10 10 2 0 0 0 0 0 
487 40 11 12 2 0 0 0 0 0 
513 48 11 11 2 0 0 0 0 0 
524 62 11 11 2 0 0 0 0 0 
491 67 8 8 2 0 0 0 0 0 
551 81 11 10 2 0 0 0 1 0 
643 100 11 12 2 0 0 0 0 0 
568 125 11 12 2 0 0 0 0 0 
547 125 11 12 2 0 0 0 0 0 
674 63 9 10 2 0 0 0 0 0 
663 47 11 11 2 0 0 0 0 0 
615 7 9 10 2 0 0 0 1 0 
584 14 9 7 2 0 0 0 1 0 
617 29 8 8 2 0 0 0 0 0 
712 65 11 12 2 0 0 0 0 0 
710 84 13 10 2 0 0 0 1 0 
770 87 13 14 2 0 0 0 0 0 
754 105 10 10 2 0 0 0 0 0 
718 147 12 11 2 0 0 0 1 0 
617 127 15 18 2 0 0 0 0 0 
712 7 10 12 2 0 0 0 0 0 
739 8 10 10 2 0 0 0 0 0 
678 23 10 9 2 0 0 0 1 0 
364 150 12 14 2 0 0 0 0 0 
58--Hockey/58_Hockey_icehockey_puck_58_470.jpg
1
322 236 120 166 0 0 0 0 0 0 
58--Hockey/58_Hockey_icehockey_puck_58_197.jpg
4
476 148 39 51 1 0 0 0 2 0 
299 158 43 53 1 0 0 0 0 0 
856 7 39 48 1 0 0 0 0 0 
709 67 38 45 1 0 0 0 0 0 